,Hours,DK1,DK2,DK
01/01/2018,00 - 01,1813,1607,3420
01/01/2018,01 - 02,1741,1565,3306
01/01/2018,02 - 03,1659,1457,3116
01/01/2018,03 - 04,1595,1426,3021
01/01/2018,04 - 05,1537,1382,2919
01/01/2018,05 - 06,1508,1296,2804
01/01/2018,06 - 07,1581,1265,2846
01/01/2018,07 - 08,1637,1308,2945
01/01/2018,08 - 09,1699,1314,3013
01/01/2018,09 - 10,1881,1351,3232
01/01/2018,10 - 11,1979,1456,3435
01/01/2018,11 - 12,2043,1529,3572
01/01/2018,12 - 13,2096,1553,3649
01/01/2018,13 - 14,2041,1566,3607
01/01/2018,14 - 15,2135,1607,3742
01/01/2018,15 - 16,2120,1613,3733
01/01/2018,16 - 17,2237,1748,3985
01/01/2018,17 - 18,2446,1825,4271
01/01/2018,18 - 19,2399,1785,4184
01/01/2018,19 - 20,2242,1706,3948
01/01/2018,20 - 21,2100,1627,3727
01/01/2018,21 - 22,1969,1507,3476
01/01/2018,22 - 23,1855,1409,3264
01/01/2018,23 - 00,1728,1340,3068
02/01/2018,00 - 01,1644,1245,2889
02/01/2018,01 - 02,1623,1202,2825
02/01/2018,02 - 03,1603,1179,2782
02/01/2018,03 - 04,1615,1180,2795
02/01/2018,04 - 05,1664,1247,2911
02/01/2018,05 - 06,1756,1343,3099
02/01/2018,06 - 07,2091,1551,3642
02/01/2018,07 - 08,2484,1741,4225
02/01/2018,08 - 09,2733,1863,4596
02/01/2018,09 - 10,2790,1902,4692
02/01/2018,10 - 11,2825,1943,4768
02/01/2018,11 - 12,2787,1943,4730
02/01/2018,12 - 13,2712,1927,4639
02/01/2018,13 - 14,2721,1907,4628
02/01/2018,14 - 15,2725,1888,4613
02/01/2018,15 - 16,2706,1887,4593
02/01/2018,16 - 17,2858,2055,4913
02/01/2018,17 - 18,3098,2175,5273
02/01/2018,18 - 19,2933,2085,5018
02/01/2018,19 - 20,2710,1928,4638
02/01/2018,20 - 21,2503,1797,4300
02/01/2018,21 - 22,2328,1717,4045
02/01/2018,22 - 23,2159,1573,3732
02/01/2018,23 - 00,1996,1450,3446
03/01/2018,00 - 01,1915,1353,3268
03/01/2018,01 - 02,1887,1261,3148
03/01/2018,02 - 03,1835,1167,3002
03/01/2018,03 - 04,1849,1113,2962
03/01/2018,04 - 05,1913,1154,3067
03/01/2018,05 - 06,2066,1388,3454
03/01/2018,06 - 07,2370,1600,3970
03/01/2018,07 - 08,2779,1857,4636
03/01/2018,08 - 09,3035,1989,5024
03/01/2018,09 - 10,3058,2013,5071
03/01/2018,10 - 11,3143,2024,5167
03/01/2018,11 - 12,3089,2030,5119
03/01/2018,12 - 13,2992,2065,5057
03/01/2018,13 - 14,2934,2048,4982
03/01/2018,14 - 15,2955,2030,4985
03/01/2018,15 - 16,2897,2014,4911
03/01/2018,16 - 17,2999,2114,5113
03/01/2018,17 - 18,3184,2261,5445
03/01/2018,18 - 19,3039,2221,5260
03/01/2018,19 - 20,2839,2076,4915
03/01/2018,20 - 21,2652,1919,4571
03/01/2018,21 - 22,2481,1798,4279
03/01/2018,22 - 23,2306,1662,3968
03/01/2018,23 - 00,2097,1526,3623
04/01/2018,00 - 01,1978,1422,3400
04/01/2018,01 - 02,1923,1325,3248
04/01/2018,02 - 03,1904,1277,3181
04/01/2018,03 - 04,1904,1289,3193
04/01/2018,04 - 05,1933,1310,3243
04/01/2018,05 - 06,2073,1434,3507
04/01/2018,06 - 07,2483,1655,4138
04/01/2018,07 - 08,2939,1866,4805
04/01/2018,08 - 09,3107,1960,5067
04/01/2018,09 - 10,3040,1971,5011
04/01/2018,10 - 11,3043,1998,5041
04/01/2018,11 - 12,2984,2014,4998
04/01/2018,12 - 13,2914,2004,4918
04/01/2018,13 - 14,2979,1993,4972
04/01/2018,14 - 15,2963,1974,4937
04/01/2018,15 - 16,2917,1982,4899
04/01/2018,16 - 17,3040,2110,5150
04/01/2018,17 - 18,3256,2282,5538
04/01/2018,18 - 19,3096,2221,5317
04/01/2018,19 - 20,2879,2066,4945
04/01/2018,20 - 21,2678,1921,4599
04/01/2018,21 - 22,2518,1787,4305
04/01/2018,22 - 23,2326,1627,3953
04/01/2018,23 - 00,2122,1503,3625
05/01/2018,00 - 01,1995,1423,3418
05/01/2018,01 - 02,1946,1355,3301
05/01/2018,02 - 03,1912,1337,3249
05/01/2018,03 - 04,1911,1315,3226
05/01/2018,04 - 05,1973,1334,3307
05/01/2018,05 - 06,2119,1425,3544
05/01/2018,06 - 07,2537,1660,4197
05/01/2018,07 - 08,2932,1898,4830
05/01/2018,08 - 09,3089,2020,5109
05/01/2018,09 - 10,3058,2054,5112
05/01/2018,10 - 11,3093,2081,5174
05/01/2018,11 - 12,3069,2056,5125
05/01/2018,12 - 13,2945,2033,4978
05/01/2018,13 - 14,2870,2001,4871
05/01/2018,14 - 15,2755,1966,4721
05/01/2018,15 - 16,2681,1944,4625
05/01/2018,16 - 17,2817,2064,4881
05/01/2018,17 - 18,3028,2200,5228
05/01/2018,18 - 19,2898,2137,5035
05/01/2018,19 - 20,2673,1995,4668
05/01/2018,20 - 21,2490,1864,4354
05/01/2018,21 - 22,2336,1742,4078
05/01/2018,22 - 23,2187,1631,3818
05/01/2018,23 - 00,2050,1529,3579
06/01/2018,00 - 01,1916,1442,3358
06/01/2018,01 - 02,1829,1369,3198
06/01/2018,02 - 03,1787,1344,3131
06/01/2018,03 - 04,1800,1340,3140
06/01/2018,04 - 05,1830,1338,3168
06/01/2018,05 - 06,1876,1353,3229
06/01/2018,06 - 07,1996,1414,3410
06/01/2018,07 - 08,2151,1523,3674
06/01/2018,08 - 09,2344,1651,3995
06/01/2018,09 - 10,2458,1773,4231
06/01/2018,10 - 11,2500,1868,4368
06/01/2018,11 - 12,2468,1882,4350
06/01/2018,12 - 13,2410,1865,4275
06/01/2018,13 - 14,2381,1850,4231
06/01/2018,14 - 15,2376,1826,4202
06/01/2018,15 - 16,2390,1812,4202
06/01/2018,16 - 17,2544,1932,4476
06/01/2018,17 - 18,2812,2069,4881
06/01/2018,18 - 19,2765,2049,4814
06/01/2018,19 - 20,2571,1913,4484
06/01/2018,20 - 21,2417,1787,4204
06/01/2018,21 - 22,2279,1681,3960
06/01/2018,22 - 23,2163,1598,3761
06/01/2018,23 - 00,2033,1524,3557
07/01/2018,00 - 01,1912,1442,3354
07/01/2018,01 - 02,1855,1382,3237
07/01/2018,02 - 03,1828,1354,3182
07/01/2018,03 - 04,1852,1350,3202
07/01/2018,04 - 05,1885,1361,3246
07/01/2018,05 - 06,1912,1394,3306
07/01/2018,06 - 07,2000,1466,3466
07/01/2018,07 - 08,2157,1573,3730
07/01/2018,08 - 09,2341,1694,4035
07/01/2018,09 - 10,2429,1805,4234
07/01/2018,10 - 11,2445,1860,4305
07/01/2018,11 - 12,2421,1856,4277
07/01/2018,12 - 13,2347,1843,4190
07/01/2018,13 - 14,2293,1824,4117
07/01/2018,14 - 15,2295,1821,4116
07/01/2018,15 - 16,2353,1841,4194
07/01/2018,16 - 17,2564,2012,4576
07/01/2018,17 - 18,2876,2200,5076
07/01/2018,18 - 19,2803,2175,4978
07/01/2018,19 - 20,2643,2054,4697
07/01/2018,20 - 21,2475,1915,4390
07/01/2018,21 - 22,2294,1814,4108
07/01/2018,22 - 23,2138,1677,3815
07/01/2018,23 - 00,2004,1562,3566
08/01/2018,00 - 01,1945,1484,3429
08/01/2018,01 - 02,1923,1430,3353
08/01/2018,02 - 03,1946,1406,3352
08/01/2018,03 - 04,1951,1413,3364
08/01/2018,04 - 05,1986,1454,3440
08/01/2018,05 - 06,2152,1556,3708
08/01/2018,06 - 07,2557,1812,4369
08/01/2018,07 - 08,3000,2100,5100
08/01/2018,08 - 09,3178,2186,5364
08/01/2018,09 - 10,3145,2193,5338
08/01/2018,10 - 11,3137,2171,5308
08/01/2018,11 - 12,3071,2134,5205
08/01/2018,12 - 13,2991,2097,5088
08/01/2018,13 - 14,2996,2084,5080
08/01/2018,14 - 15,2987,2073,5060
08/01/2018,15 - 16,2931,2073,5004
08/01/2018,16 - 17,3109,2133,5242
08/01/2018,17 - 18,3324,2351,5675
08/01/2018,18 - 19,3156,2265,5421
08/01/2018,19 - 20,2947,2082,5029
08/01/2018,20 - 21,2769,1920,4689
08/01/2018,21 - 22,2574,1764,4338
08/01/2018,22 - 23,2392,1574,3966
08/01/2018,23 - 00,2206,1415,3621
09/01/2018,00 - 01,2100,1307,3407
09/01/2018,01 - 02,2051,1224,3275
09/01/2018,02 - 03,2048,1153,3201
09/01/2018,03 - 04,2052,1138,3190
09/01/2018,04 - 05,2072,1123,3195
09/01/2018,05 - 06,2216,1190,3406
09/01/2018,06 - 07,2577,1425,4002
09/01/2018,07 - 08,2999,1697,4696
09/01/2018,08 - 09,3172,1727,4899
09/01/2018,09 - 10,3072,1793,4865
09/01/2018,10 - 11,3098,1931,5029
09/01/2018,11 - 12,3014,1904,4918
09/01/2018,12 - 13,2937,1867,4804
09/01/2018,13 - 14,2953,1869,4822
09/01/2018,14 - 15,2886,1852,4738
09/01/2018,15 - 16,2825,1844,4669
09/01/2018,16 - 17,2915,1968,4883
09/01/2018,17 - 18,3144,2121,5265
09/01/2018,18 - 19,3004,2054,5058
09/01/2018,19 - 20,2821,1903,4724
09/01/2018,20 - 21,2622,1758,4380
09/01/2018,21 - 22,2435,1638,4073
09/01/2018,22 - 23,2264,1472,3736
09/01/2018,23 - 00,2076,1344,3420
10/01/2018,00 - 01,1946,1261,3207
10/01/2018,01 - 02,1888,1205,3093
10/01/2018,02 - 03,1870,1195,3065
10/01/2018,03 - 04,1890,1213,3103
10/01/2018,04 - 05,1943,1261,3204
10/01/2018,05 - 06,2115,1376,3491
10/01/2018,06 - 07,2506,1663,4169
10/01/2018,07 - 08,2934,1938,4872
10/01/2018,08 - 09,3059,2036,5095
10/01/2018,09 - 10,3063,2044,5107
10/01/2018,10 - 11,3126,2077,5203
10/01/2018,11 - 12,3131,2101,5232
10/01/2018,12 - 13,3044,2117,5161
10/01/2018,13 - 14,3065,2096,5161
10/01/2018,14 - 15,2989,2049,5038
10/01/2018,15 - 16,2938,2020,4958
10/01/2018,16 - 17,2998,2125,5123
10/01/2018,17 - 18,3190,2280,5470
10/01/2018,18 - 19,3033,2179,5212
10/01/2018,19 - 20,2844,2042,4886
10/01/2018,20 - 21,2679,1922,4601
10/01/2018,21 - 22,2510,1779,4289
10/01/2018,22 - 23,2317,1620,3937
10/01/2018,23 - 00,2145,1473,3618
11/01/2018,00 - 01,2024,1383,3407
11/01/2018,01 - 02,1971,1320,3291
11/01/2018,02 - 03,1946,1294,3240
11/01/2018,03 - 04,1950,1291,3241
11/01/2018,04 - 05,1988,1314,3302
11/01/2018,05 - 06,2129,1412,3541
11/01/2018,06 - 07,2543,1678,4221
11/01/2018,07 - 08,2977,1944,4921
11/01/2018,08 - 09,3117,2035,5152
11/01/2018,09 - 10,3090,2065,5155
11/01/2018,10 - 11,3157,2065,5222
11/01/2018,11 - 12,3130,2059,5189
11/01/2018,12 - 13,3062,2034,5096
11/01/2018,13 - 14,3063,2033,5096
11/01/2018,14 - 15,3035,2005,5040
11/01/2018,15 - 16,2972,1995,4967
11/01/2018,16 - 17,3059,2087,5146
11/01/2018,17 - 18,3253,2197,5450
11/01/2018,18 - 19,3057,2119,5176
11/01/2018,19 - 20,2886,1992,4878
11/01/2018,20 - 21,2697,1844,4541
11/01/2018,21 - 22,2490,1697,4187
11/01/2018,22 - 23,2297,1550,3847
11/01/2018,23 - 00,2118,1413,3531
12/01/2018,00 - 01,1990,1319,3309
12/01/2018,01 - 02,1946,1261,3207
12/01/2018,02 - 03,1914,1234,3148
12/01/2018,03 - 04,1921,1217,3138
12/01/2018,04 - 05,1966,1245,3211
12/01/2018,05 - 06,2116,1337,3453
12/01/2018,06 - 07,2520,1610,4130
12/01/2018,07 - 08,2947,1889,4836
12/01/2018,08 - 09,3082,1994,5076
12/01/2018,09 - 10,3041,2004,5045
12/01/2018,10 - 11,3086,2019,5105
12/01/2018,11 - 12,3052,2013,5065
12/01/2018,12 - 13,2925,2020,4945
12/01/2018,13 - 14,2877,1987,4864
12/01/2018,14 - 15,2786,1950,4736
12/01/2018,15 - 16,2734,1947,4681
12/01/2018,16 - 17,2827,2049,4876
12/01/2018,17 - 18,3035,2169,5204
12/01/2018,18 - 19,2928,2109,5037
12/01/2018,19 - 20,2689,1956,4645
12/01/2018,20 - 21,2491,1796,4287
12/01/2018,21 - 22,2337,1669,4006
12/01/2018,22 - 23,2192,1561,3753
12/01/2018,23 - 00,2010,1449,3459
13/01/2018,00 - 01,1898,1355,3253
13/01/2018,01 - 02,1829,1274,3103
13/01/2018,02 - 03,1787,1225,3012
13/01/2018,03 - 04,1779,1205,2984
13/01/2018,04 - 05,1797,1203,3000
13/01/2018,05 - 06,1860,1222,3082
13/01/2018,06 - 07,1988,1307,3295
13/01/2018,07 - 08,2183,1434,3617
13/01/2018,08 - 09,2392,1581,3973
13/01/2018,09 - 10,2508,1705,4213
13/01/2018,10 - 11,2575,1795,4370
13/01/2018,11 - 12,2559,1838,4397
13/01/2018,12 - 13,2501,1829,4330
13/01/2018,13 - 14,2463,1806,4269
13/01/2018,14 - 15,2442,1806,4248
13/01/2018,15 - 16,2459,1823,4282
13/01/2018,16 - 17,2548,1926,4474
13/01/2018,17 - 18,2785,2049,4834
13/01/2018,18 - 19,2685,1995,4680
13/01/2018,19 - 20,2441,1859,4300
13/01/2018,20 - 21,2294,1728,4022
13/01/2018,21 - 22,2154,1641,3795
13/01/2018,22 - 23,2036,1550,3586
13/01/2018,23 - 00,1897,1451,3348
14/01/2018,00 - 01,1827,1362,3189
14/01/2018,01 - 02,1820,1280,3100
14/01/2018,02 - 03,1802,1248,3050
14/01/2018,03 - 04,1797,1257,3054
14/01/2018,04 - 05,1806,1265,3071
14/01/2018,05 - 06,1829,1282,3111
14/01/2018,06 - 07,1918,1335,3253
14/01/2018,07 - 08,2063,1441,3504
14/01/2018,08 - 09,2226,1564,3790
14/01/2018,09 - 10,2328,1687,4015
14/01/2018,10 - 11,2420,1799,4219
14/01/2018,11 - 12,2434,1829,4263
14/01/2018,12 - 13,2379,1825,4204
14/01/2018,13 - 14,2360,1820,4180
14/01/2018,14 - 15,2351,1807,4158
14/01/2018,15 - 16,2346,1821,4167
14/01/2018,16 - 17,2500,1940,4440
14/01/2018,17 - 18,2791,2081,4872
14/01/2018,18 - 19,2672,2037,4709
14/01/2018,19 - 20,2520,1898,4418
14/01/2018,20 - 21,2346,1762,4108
14/01/2018,21 - 22,2224,1636,3860
14/01/2018,22 - 23,2091,1504,3595
14/01/2018,23 - 00,1963,1393,3356
15/01/2018,00 - 01,1856,1316,3172
15/01/2018,01 - 02,1781,1256,3037
15/01/2018,02 - 03,1764,1226,2990
15/01/2018,03 - 04,1784,1237,3021
15/01/2018,04 - 05,1888,1262,3150
15/01/2018,05 - 06,1974,1354,3328
15/01/2018,06 - 07,2451,1617,4068
15/01/2018,07 - 08,2923,1869,4792
15/01/2018,08 - 09,3047,1973,5020
15/01/2018,09 - 10,3011,1988,4999
15/01/2018,10 - 11,3068,2034,5102
15/01/2018,11 - 12,3089,2010,5099
15/01/2018,12 - 13,2954,2004,4958
15/01/2018,13 - 14,3013,2003,5016
15/01/2018,14 - 15,2999,2000,4999
15/01/2018,15 - 16,2981,1980,4961
15/01/2018,16 - 17,3061,2081,5142
15/01/2018,17 - 18,3261,2195,5456
15/01/2018,18 - 19,3103,2140,5243
15/01/2018,19 - 20,2919,2019,4938
15/01/2018,20 - 21,2755,1878,4633
15/01/2018,21 - 22,2616,1741,4357
15/01/2018,22 - 23,2417,1580,3997
15/01/2018,23 - 00,2242,1437,3679
16/01/2018,00 - 01,2092,1341,3433
16/01/2018,01 - 02,2055,1292,3347
16/01/2018,02 - 03,1968,1260,3228
16/01/2018,03 - 04,1969,1275,3244
16/01/2018,04 - 05,2056,1291,3347
16/01/2018,05 - 06,2275,1401,3676
16/01/2018,06 - 07,2646,1626,4272
16/01/2018,07 - 08,3029,1887,4916
16/01/2018,08 - 09,3109,2003,5112
16/01/2018,09 - 10,3103,2007,5110
16/01/2018,10 - 11,3157,2009,5166
16/01/2018,11 - 12,3182,1991,5173
16/01/2018,12 - 13,3096,1995,5091
16/01/2018,13 - 14,3073,1977,5050
16/01/2018,14 - 15,3065,1964,5029
16/01/2018,15 - 16,2992,1952,4944
16/01/2018,16 - 17,3064,2045,5109
16/01/2018,17 - 18,3250,2193,5443
16/01/2018,18 - 19,3115,2128,5243
16/01/2018,19 - 20,2927,1991,4918
16/01/2018,20 - 21,2725,1852,4577
16/01/2018,21 - 22,2540,1713,4253
16/01/2018,22 - 23,2340,1568,3908
16/01/2018,23 - 00,2179,1418,3597
17/01/2018,00 - 01,2094,1345,3439
17/01/2018,01 - 02,2060,1295,3355
17/01/2018,02 - 03,2031,1276,3307
17/01/2018,03 - 04,2031,1274,3305
17/01/2018,04 - 05,2073,1310,3383
17/01/2018,05 - 06,2231,1404,3635
17/01/2018,06 - 07,2613,1651,4264
17/01/2018,07 - 08,3019,1931,4950
17/01/2018,08 - 09,3147,2012,5159
17/01/2018,09 - 10,3151,2036,5187
17/01/2018,10 - 11,3193,2087,5280
17/01/2018,11 - 12,3155,2075,5230
17/01/2018,12 - 13,3075,2052,5127
17/01/2018,13 - 14,3082,2039,5121
17/01/2018,14 - 15,3028,2036,5064
17/01/2018,15 - 16,2942,2021,4963
17/01/2018,16 - 17,3029,2114,5143
17/01/2018,17 - 18,3252,2268,5520
17/01/2018,18 - 19,3118,2195,5313
17/01/2018,19 - 20,2930,2043,4973
17/01/2018,20 - 21,2789,1891,4680
17/01/2018,21 - 22,2566,1776,4342
17/01/2018,22 - 23,2374,1607,3981
17/01/2018,23 - 00,2215,1465,3680
18/01/2018,00 - 01,2070,1366,3436
18/01/2018,01 - 02,2027,1299,3326
18/01/2018,02 - 03,2005,1288,3293
18/01/2018,03 - 04,2010,1294,3304
18/01/2018,04 - 05,2039,1318,3357
18/01/2018,05 - 06,2187,1419,3606
18/01/2018,06 - 07,2579,1668,4247
18/01/2018,07 - 08,2981,1949,4930
18/01/2018,08 - 09,3146,2058,5204
18/01/2018,09 - 10,3105,2086,5191
18/01/2018,10 - 11,3186,2108,5294
18/01/2018,11 - 12,3191,2106,5297
18/01/2018,12 - 13,3112,2083,5195
18/01/2018,13 - 14,3116,2087,5203
18/01/2018,14 - 15,3070,2059,5129
18/01/2018,15 - 16,2997,2044,5041
18/01/2018,16 - 17,3045,2122,5167
18/01/2018,17 - 18,3274,2262,5536
18/01/2018,18 - 19,3126,2203,5329
18/01/2018,19 - 20,2931,2071,5002
18/01/2018,20 - 21,2751,1925,4676
18/01/2018,21 - 22,2566,1796,4362
18/01/2018,22 - 23,2371,1627,3998
18/01/2018,23 - 00,2177,1491,3668
19/01/2018,00 - 01,2084,1399,3483
19/01/2018,01 - 02,2035,1344,3379
19/01/2018,02 - 03,2000,1309,3309
19/01/2018,03 - 04,2007,1304,3311
19/01/2018,04 - 05,2061,1338,3399
19/01/2018,05 - 06,2214,1438,3652
19/01/2018,06 - 07,2598,1697,4295
19/01/2018,07 - 08,3014,1956,4970
19/01/2018,08 - 09,3136,2058,5194
19/01/2018,09 - 10,3090,2077,5167
19/01/2018,10 - 11,3108,2098,5206
19/01/2018,11 - 12,3044,2029,5073
19/01/2018,12 - 13,2908,2043,4951
19/01/2018,13 - 14,2821,2019,4840
19/01/2018,14 - 15,2732,1980,4712
19/01/2018,15 - 16,2680,1956,4636
19/01/2018,16 - 17,2773,2044,4817
19/01/2018,17 - 18,3009,2198,5207
19/01/2018,18 - 19,2896,2144,5040
19/01/2018,19 - 20,2654,1979,4633
19/01/2018,20 - 21,2482,1844,4326
19/01/2018,21 - 22,2327,1724,4051
19/01/2018,22 - 23,2181,1609,3790
19/01/2018,23 - 00,2049,1502,3551
20/01/2018,00 - 01,1915,1385,3300
20/01/2018,01 - 02,1823,1322,3145
20/01/2018,02 - 03,1782,1293,3075
20/01/2018,03 - 04,1784,1285,3069
20/01/2018,04 - 05,1804,1270,3074
20/01/2018,05 - 06,1860,1293,3153
20/01/2018,06 - 07,1988,1367,3355
20/01/2018,07 - 08,2168,1480,3648
20/01/2018,08 - 09,2359,1615,3974
20/01/2018,09 - 10,2461,1755,4216
20/01/2018,10 - 11,2513,1821,4334
20/01/2018,11 - 12,2505,1834,4339
20/01/2018,12 - 13,2445,1829,4274
20/01/2018,13 - 14,2396,1825,4221
20/01/2018,14 - 15,2377,1802,4179
20/01/2018,15 - 16,2387,1805,4192
20/01/2018,16 - 17,2499,1911,4410
20/01/2018,17 - 18,2740,2053,4793
20/01/2018,18 - 19,2655,2020,4675
20/01/2018,19 - 20,2456,1888,4344
20/01/2018,20 - 21,2299,1776,4075
20/01/2018,21 - 22,2166,1673,3839
20/01/2018,22 - 23,2050,1579,3629
20/01/2018,23 - 00,1935,1485,3420
21/01/2018,00 - 01,1829,1389,3218
21/01/2018,01 - 02,1751,1321,3072
21/01/2018,02 - 03,1724,1292,3016
21/01/2018,03 - 04,1723,1288,3011
21/01/2018,04 - 05,1745,1288,3033
21/01/2018,05 - 06,1788,1308,3096
21/01/2018,06 - 07,1907,1369,3276
21/01/2018,07 - 08,2084,1470,3554
21/01/2018,08 - 09,2245,1582,3827
21/01/2018,09 - 10,2347,1708,4055
21/01/2018,10 - 11,2404,1796,4200
21/01/2018,11 - 12,2387,1814,4201
21/01/2018,12 - 13,2341,1795,4136
21/01/2018,13 - 14,2314,1782,4096
21/01/2018,14 - 15,2298,1784,4082
21/01/2018,15 - 16,2318,1785,4103
21/01/2018,16 - 17,2472,1902,4374
21/01/2018,17 - 18,2815,2103,4918
21/01/2018,18 - 19,2702,2054,4756
21/01/2018,19 - 20,2511,1922,4433
21/01/2018,20 - 21,2391,1808,4199
21/01/2018,21 - 22,2273,1697,3970
21/01/2018,22 - 23,2117,1561,3678
21/01/2018,23 - 00,1986,1441,3427
22/01/2018,00 - 01,1907,1359,3266
22/01/2018,01 - 02,1865,1306,3171
22/01/2018,02 - 03,1843,1278,3121
22/01/2018,03 - 04,1855,1281,3136
22/01/2018,04 - 05,1915,1316,3231
22/01/2018,05 - 06,2086,1428,3514
22/01/2018,06 - 07,2489,1697,4186
22/01/2018,07 - 08,2890,1976,4866
22/01/2018,08 - 09,3062,2053,5115
22/01/2018,09 - 10,3040,2085,5125
22/01/2018,10 - 11,3113,2117,5230
22/01/2018,11 - 12,3122,2109,5231
22/01/2018,12 - 13,3042,2096,5138
22/01/2018,13 - 14,3070,2090,5160
22/01/2018,14 - 15,3021,2061,5082
22/01/2018,15 - 16,2909,2023,4932
22/01/2018,16 - 17,2948,2101,5049
22/01/2018,17 - 18,3195,2277,5472
22/01/2018,18 - 19,3053,2213,5266
22/01/2018,19 - 20,2850,2058,4908
22/01/2018,20 - 21,2655,1903,4558
22/01/2018,21 - 22,2476,1753,4229
22/01/2018,22 - 23,2315,1608,3923
22/01/2018,23 - 00,2152,1476,3628
23/01/2018,00 - 01,2019,1379,3398
23/01/2018,01 - 02,1967,1327,3294
23/01/2018,02 - 03,1940,1304,3244
23/01/2018,03 - 04,1945,1306,3251
23/01/2018,04 - 05,1999,1330,3329
23/01/2018,05 - 06,2143,1437,3580
23/01/2018,06 - 07,2536,1696,4232
23/01/2018,07 - 08,2955,1967,4922
23/01/2018,08 - 09,3055,2047,5102
23/01/2018,09 - 10,3014,2055,5069
23/01/2018,10 - 11,3055,2069,5124
23/01/2018,11 - 12,3035,2068,5103
23/01/2018,12 - 13,3015,2049,5064
23/01/2018,13 - 14,3070,2030,5100
23/01/2018,14 - 15,3020,2010,5030
23/01/2018,15 - 16,2953,2011,4964
23/01/2018,16 - 17,2954,2110,5064
23/01/2018,17 - 18,3162,2242,5404
23/01/2018,18 - 19,3035,2173,5208
23/01/2018,19 - 20,2825,2025,4850
23/01/2018,20 - 21,2655,1877,4532
23/01/2018,21 - 22,2506,1732,4238
23/01/2018,22 - 23,2291,1579,3870
23/01/2018,23 - 00,2172,1427,3599
24/01/2018,00 - 01,2053,1329,3382
24/01/2018,01 - 02,1990,1278,3268
24/01/2018,02 - 03,1939,1248,3187
24/01/2018,03 - 04,1914,1240,3154
24/01/2018,04 - 05,1963,1266,3229
24/01/2018,05 - 06,2029,1350,3379
24/01/2018,06 - 07,2452,1570,4022
24/01/2018,07 - 08,2853,1848,4701
24/01/2018,08 - 09,3041,1922,4963
24/01/2018,09 - 10,2997,1941,4938
24/01/2018,10 - 11,3005,1945,4950
24/01/2018,11 - 12,3003,1960,4963
24/01/2018,12 - 13,2892,1959,4851
24/01/2018,13 - 14,2887,1943,4830
24/01/2018,14 - 15,2837,1911,4748
24/01/2018,15 - 16,2778,1893,4671
24/01/2018,16 - 17,2831,1965,4796
24/01/2018,17 - 18,3074,2145,5219
24/01/2018,18 - 19,2943,2047,4990
24/01/2018,19 - 20,2787,1917,4704
24/01/2018,20 - 21,2626,1775,4401
24/01/2018,21 - 22,2443,1642,4085
24/01/2018,22 - 23,2267,1480,3747
24/01/2018,23 - 00,2074,1327,3401
25/01/2018,00 - 01,1936,1243,3179
25/01/2018,01 - 02,1877,1190,3067
25/01/2018,02 - 03,1848,1181,3029
25/01/2018,03 - 04,1849,1189,3038
25/01/2018,04 - 05,1913,1217,3130
25/01/2018,05 - 06,2018,1330,3348
25/01/2018,06 - 07,2376,1562,3938
25/01/2018,07 - 08,2797,1831,4628
25/01/2018,08 - 09,2958,1925,4883
25/01/2018,09 - 10,2962,1953,4915
25/01/2018,10 - 11,3001,1949,4950
25/01/2018,11 - 12,2960,1952,4912
25/01/2018,12 - 13,2868,1931,4799
25/01/2018,13 - 14,2864,1917,4781
25/01/2018,14 - 15,2865,1877,4742
25/01/2018,15 - 16,2791,1875,4666
25/01/2018,16 - 17,2891,1940,4831
25/01/2018,17 - 18,3121,2141,5262
25/01/2018,18 - 19,3000,2091,5091
25/01/2018,19 - 20,2807,1946,4753
25/01/2018,20 - 21,2591,1817,4408
25/01/2018,21 - 22,2423,1679,4102
25/01/2018,22 - 23,2222,1530,3752
25/01/2018,23 - 00,2066,1402,3468
26/01/2018,00 - 01,1941,1307,3248
26/01/2018,01 - 02,1884,1243,3127
26/01/2018,02 - 03,1859,1229,3088
26/01/2018,03 - 04,1861,1239,3100
26/01/2018,04 - 05,1921,1270,3191
26/01/2018,05 - 06,2080,1378,3458
26/01/2018,06 - 07,2481,1632,4113
26/01/2018,07 - 08,2963,1909,4872
26/01/2018,08 - 09,3051,1963,5014
26/01/2018,09 - 10,3021,1974,4995
26/01/2018,10 - 11,3052,2013,5065
26/01/2018,11 - 12,2985,1999,4984
26/01/2018,12 - 13,2849,1981,4830
26/01/2018,13 - 14,2768,1958,4726
26/01/2018,14 - 15,2675,1922,4597
26/01/2018,15 - 16,2618,1911,4529
26/01/2018,16 - 17,2703,1986,4689
26/01/2018,17 - 18,2962,2145,5107
26/01/2018,18 - 19,2837,2050,4887
26/01/2018,19 - 20,2600,1900,4500
26/01/2018,20 - 21,2402,1780,4182
26/01/2018,21 - 22,2247,1662,3909
26/01/2018,22 - 23,2115,1546,3661
26/01/2018,23 - 00,1976,1428,3404
27/01/2018,00 - 01,1865,1328,3193
27/01/2018,01 - 02,1792,1259,3051
27/01/2018,02 - 03,1758,1213,2971
27/01/2018,03 - 04,1754,1200,2954
27/01/2018,04 - 05,1781,1199,2980
27/01/2018,05 - 06,1852,1225,3077
27/01/2018,06 - 07,1985,1306,3291
27/01/2018,07 - 08,2173,1434,3607
27/01/2018,08 - 09,2342,1565,3907
27/01/2018,09 - 10,2449,1683,4132
27/01/2018,10 - 11,2471,1740,4211
27/01/2018,11 - 12,2510,1738,4248
27/01/2018,12 - 13,2410,1710,4120
27/01/2018,13 - 14,2389,1698,4087
27/01/2018,14 - 15,2339,1686,4025
27/01/2018,15 - 16,2348,1702,4050
27/01/2018,16 - 17,2441,1767,4208
27/01/2018,17 - 18,2673,1945,4618
27/01/2018,18 - 19,2566,1905,4471
27/01/2018,19 - 20,2374,1784,4158
27/01/2018,20 - 21,2224,1676,3900
27/01/2018,21 - 22,2153,1574,3727
27/01/2018,22 - 23,2056,1509,3565
27/01/2018,23 - 00,1944,1413,3357
28/01/2018,00 - 01,1834,1399,3233
28/01/2018,01 - 02,1769,1364,3133
28/01/2018,02 - 03,1691,1328,3019
28/01/2018,03 - 04,1660,1311,2971
28/01/2018,04 - 05,1672,1259,2931
28/01/2018,05 - 06,1722,1267,2989
28/01/2018,06 - 07,1836,1304,3140
28/01/2018,07 - 08,1998,1390,3388
28/01/2018,08 - 09,2101,1494,3595
28/01/2018,09 - 10,2050,1616,3666
28/01/2018,10 - 11,2055,1690,3745
28/01/2018,11 - 12,2064,1708,3772
28/01/2018,12 - 13,2050,1708,3758
28/01/2018,13 - 14,2006,1693,3699
28/01/2018,14 - 15,2005,1684,3689
28/01/2018,15 - 16,2037,1709,3746
28/01/2018,16 - 17,2124,1779,3903
28/01/2018,17 - 18,2507,2004,4511
28/01/2018,18 - 19,2440,1942,4382
28/01/2018,19 - 20,2280,1825,4105
28/01/2018,20 - 21,2175,1713,3888
28/01/2018,21 - 22,2064,1599,3663
28/01/2018,22 - 23,1963,1468,3431
28/01/2018,23 - 00,1862,1354,3216
29/01/2018,00 - 01,1770,1289,3059
29/01/2018,01 - 02,1654,1250,2904
29/01/2018,02 - 03,1577,1219,2796
29/01/2018,03 - 04,1608,1212,2820
29/01/2018,04 - 05,1653,1233,2886
29/01/2018,05 - 06,1839,1330,3169
29/01/2018,06 - 07,2213,1591,3804
29/01/2018,07 - 08,2609,1832,4441
29/01/2018,08 - 09,2848,1916,4764
29/01/2018,09 - 10,2855,1928,4783
29/01/2018,10 - 11,2950,1956,4906
29/01/2018,11 - 12,2893,1960,4853
29/01/2018,12 - 13,2810,1971,4781
29/01/2018,13 - 14,2862,1954,4816
29/01/2018,14 - 15,2927,1914,4841
29/01/2018,15 - 16,2871,1894,4765
29/01/2018,16 - 17,2805,1960,4765
29/01/2018,17 - 18,3046,2123,5169
29/01/2018,18 - 19,3022,2066,5088
29/01/2018,19 - 20,2701,1926,4627
29/01/2018,20 - 21,2531,1794,4325
29/01/2018,21 - 22,2638,1690,4328
29/01/2018,22 - 23,2269,1513,3782
29/01/2018,23 - 00,2300,1385,3685
30/01/2018,00 - 01,2198,1272,3470
30/01/2018,01 - 02,2239,1221,3460
30/01/2018,02 - 03,2228,1206,3434
30/01/2018,03 - 04,2336,1213,3549
30/01/2018,04 - 05,2450,1237,3687
30/01/2018,05 - 06,2666,1340,4006
30/01/2018,06 - 07,2822,1605,4427
30/01/2018,07 - 08,3327,1863,5190
30/01/2018,08 - 09,3452,1909,5361
30/01/2018,09 - 10,3510,1944,5454
30/01/2018,10 - 11,3516,1933,5449
30/01/2018,11 - 12,3418,1923,5341
30/01/2018,12 - 13,3205,1910,5115
30/01/2018,13 - 14,3289,1898,5187
30/01/2018,14 - 15,3136,1887,5023
30/01/2018,15 - 16,2965,1892,4857
30/01/2018,16 - 17,3066,1950,5016
30/01/2018,17 - 18,3338,2168,5506
30/01/2018,18 - 19,3233,2131,5364
30/01/2018,19 - 20,3011,1990,5001
30/01/2018,20 - 21,2834,1840,4674
30/01/2018,21 - 22,2702,1711,4413
30/01/2018,22 - 23,2545,1553,4098
30/01/2018,23 - 00,2331,1410,3741
31/01/2018,00 - 01,2185,1321,3506
31/01/2018,01 - 02,2076,1229,3305
31/01/2018,02 - 03,2045,1234,3279
31/01/2018,03 - 04,2034,1272,3306
31/01/2018,04 - 05,2096,1281,3377
31/01/2018,05 - 06,2274,1402,3676
31/01/2018,06 - 07,2601,1614,4215
31/01/2018,07 - 08,3021,1888,4909
31/01/2018,08 - 09,3093,1966,5059
31/01/2018,09 - 10,3033,1986,5019
31/01/2018,10 - 11,3096,2028,5124
31/01/2018,11 - 12,3060,2022,5082
31/01/2018,12 - 13,2968,2052,5020
31/01/2018,13 - 14,3008,2038,5046
31/01/2018,14 - 15,2941,1983,4924
31/01/2018,15 - 16,2874,1939,4813
31/01/2018,16 - 17,2852,1985,4837
31/01/2018,17 - 18,3075,2164,5239
31/01/2018,18 - 19,2964,2110,5074
31/01/2018,19 - 20,2768,1963,4731
31/01/2018,20 - 21,2597,1833,4430
31/01/2018,21 - 22,2445,1715,4160
31/01/2018,22 - 23,2300,1562,3862
31/01/2018,23 - 00,2104,1417,3521
01/02/2018,00 - 01,1970,1340,3310
01/02/2018,01 - 02,1904,1290,3194
01/02/2018,02 - 03,1893,1264,3157
01/02/2018,03 - 04,1945,1267,3212
01/02/2018,04 - 05,1996,1277,3273
01/02/2018,05 - 06,2133,1379,3512
01/02/2018,06 - 07,2483,1667,4150
01/02/2018,07 - 08,2977,1915,4892
01/02/2018,08 - 09,3030,1974,5004
01/02/2018,09 - 10,3053,2018,5071
01/02/2018,10 - 11,3065,2036,5101
01/02/2018,11 - 12,2960,2023,4983
01/02/2018,12 - 13,2881,2006,4887
01/02/2018,13 - 14,2926,1995,4921
01/02/2018,14 - 15,2893,1987,4880
01/02/2018,15 - 16,2782,1967,4749
01/02/2018,16 - 17,2797,2012,4809
01/02/2018,17 - 18,3039,2187,5226
01/02/2018,18 - 19,2949,2105,5054
01/02/2018,19 - 20,2749,2018,4767
01/02/2018,20 - 21,2563,1901,4464
01/02/2018,21 - 22,2429,1744,4173
01/02/2018,22 - 23,2230,1600,3830
01/02/2018,23 - 00,2038,1455,3493
02/02/2018,00 - 01,1987,1370,3357
02/02/2018,01 - 02,1938,1326,3264
02/02/2018,02 - 03,1943,1283,3226
02/02/2018,03 - 04,1979,1285,3264
02/02/2018,04 - 05,1982,1310,3292
02/02/2018,05 - 06,2134,1415,3549
02/02/2018,06 - 07,2547,1674,4221
02/02/2018,07 - 08,2992,1938,4930
02/02/2018,08 - 09,3131,2014,5145
02/02/2018,09 - 10,3090,2047,5137
02/02/2018,10 - 11,3116,2074,5190
02/02/2018,11 - 12,3077,2075,5152
02/02/2018,12 - 13,2943,2035,4978
02/02/2018,13 - 14,2878,2025,4903
02/02/2018,14 - 15,2749,1978,4727
02/02/2018,15 - 16,2669,1946,4615
02/02/2018,16 - 17,2725,2004,4729
02/02/2018,17 - 18,2981,2187,5168
02/02/2018,18 - 19,2891,2163,5054
02/02/2018,19 - 20,2668,2010,4678
02/02/2018,20 - 21,2494,1837,4331
02/02/2018,21 - 22,2359,1721,4080
02/02/2018,22 - 23,2218,1598,3816
02/02/2018,23 - 00,2071,1495,3566
03/02/2018,00 - 01,1973,1404,3377
03/02/2018,01 - 02,1908,1351,3259
03/02/2018,02 - 03,1878,1323,3201
03/02/2018,03 - 04,1878,1317,3195
03/02/2018,04 - 05,1895,1329,3224
03/02/2018,05 - 06,1948,1350,3298
03/02/2018,06 - 07,2055,1427,3482
03/02/2018,07 - 08,2251,1555,3806
03/02/2018,08 - 09,2468,1705,4173
03/02/2018,09 - 10,2597,1828,4425
03/02/2018,10 - 11,2659,1873,4532
03/02/2018,11 - 12,2640,1901,4541
03/02/2018,12 - 13,2605,1886,4491
03/02/2018,13 - 14,2560,1876,4436
03/02/2018,14 - 15,2535,1886,4421
03/02/2018,15 - 16,2508,1890,4398
03/02/2018,16 - 17,2584,1934,4518
03/02/2018,17 - 18,2842,2114,4956
03/02/2018,18 - 19,2773,2127,4900
03/02/2018,19 - 20,2545,1989,4534
03/02/2018,20 - 21,2398,1857,4255
03/02/2018,21 - 22,2258,1762,4020
03/02/2018,22 - 23,2126,1658,3784
03/02/2018,23 - 00,1985,1542,3527
04/02/2018,00 - 01,1843,1445,3288
04/02/2018,01 - 02,1752,1404,3156
04/02/2018,02 - 03,1741,1356,3097
04/02/2018,03 - 04,1762,1354,3116
04/02/2018,04 - 05,1800,1329,3129
04/02/2018,05 - 06,1848,1316,3164
04/02/2018,06 - 07,1906,1355,3261
04/02/2018,07 - 08,2061,1498,3559
04/02/2018,08 - 09,2221,1638,3859
04/02/2018,09 - 10,2351,1763,4114
04/02/2018,10 - 11,2388,1844,4232
04/02/2018,11 - 12,2366,1836,4202
04/02/2018,12 - 13,2337,1822,4159
04/02/2018,13 - 14,2332,1794,4126
04/02/2018,14 - 15,2379,1777,4156
04/02/2018,15 - 16,2385,1785,4170
04/02/2018,16 - 17,2464,1841,4305
04/02/2018,17 - 18,2803,2074,4877
04/02/2018,18 - 19,2799,2093,4892
04/02/2018,19 - 20,2608,1976,4584
04/02/2018,20 - 21,2454,1839,4293
04/02/2018,21 - 22,2329,1728,4057
04/02/2018,22 - 23,2209,1607,3816
04/02/2018,23 - 00,2107,1485,3592
05/02/2018,00 - 01,2008,1401,3409
05/02/2018,01 - 02,1999,1372,3371
05/02/2018,02 - 03,1983,1357,3340
05/02/2018,03 - 04,1980,1377,3357
05/02/2018,04 - 05,2040,1428,3468
05/02/2018,05 - 06,2201,1534,3735
05/02/2018,06 - 07,2617,1813,4430
05/02/2018,07 - 08,3036,2067,5103
05/02/2018,08 - 09,3174,2143,5317
05/02/2018,09 - 10,3170,2171,5341
05/02/2018,10 - 11,3121,2201,5322
05/02/2018,11 - 12,3087,2133,5220
05/02/2018,12 - 13,3004,2077,5081
05/02/2018,13 - 14,3039,2045,5084
05/02/2018,14 - 15,3002,2023,5025
05/02/2018,15 - 16,2912,1997,4909
05/02/2018,16 - 17,2943,2042,4985
05/02/2018,17 - 18,3256,2302,5558
05/02/2018,18 - 19,3215,2298,5513
05/02/2018,19 - 20,3019,2153,5172
05/02/2018,20 - 21,2825,2020,4845
05/02/2018,21 - 22,2642,1873,4515
05/02/2018,22 - 23,2484,1726,4210
05/02/2018,23 - 00,2305,1588,3893
06/02/2018,00 - 01,2191,1499,3690
06/02/2018,01 - 02,2146,1455,3601
06/02/2018,02 - 03,2129,1434,3563
06/02/2018,03 - 04,2140,1435,3575
06/02/2018,04 - 05,2182,1472,3654
06/02/2018,05 - 06,2330,1580,3910
06/02/2018,06 - 07,2720,1844,4564
06/02/2018,07 - 08,3145,2100,5245
06/02/2018,08 - 09,3224,2192,5416
06/02/2018,09 - 10,3188,2258,5446
06/02/2018,10 - 11,3192,2261,5453
06/02/2018,11 - 12,3131,2238,5369
06/02/2018,12 - 13,3022,2209,5231
06/02/2018,13 - 14,3055,2221,5276
06/02/2018,14 - 15,3017,2190,5207
06/02/2018,15 - 16,2953,2165,5118
06/02/2018,16 - 17,2955,2199,5154
06/02/2018,17 - 18,3242,2426,5668
06/02/2018,18 - 19,3182,2407,5589
06/02/2018,19 - 20,2973,2264,5237
06/02/2018,20 - 21,2815,2116,4931
06/02/2018,21 - 22,2646,1960,4606
06/02/2018,22 - 23,2455,1786,4241
06/02/2018,23 - 00,2268,1644,3912
07/02/2018,00 - 01,2139,1546,3685
07/02/2018,01 - 02,2094,1498,3592
07/02/2018,02 - 03,2064,1480,3544
07/02/2018,03 - 04,2082,1493,3575
07/02/2018,04 - 05,2125,1521,3646
07/02/2018,05 - 06,2266,1620,3886
07/02/2018,06 - 07,2655,1909,4564
07/02/2018,07 - 08,3081,2171,5252
07/02/2018,08 - 09,3153,2232,5385
07/02/2018,09 - 10,3115,2216,5331
07/02/2018,10 - 11,3145,2241,5386
07/02/2018,11 - 12,3118,2213,5331
07/02/2018,12 - 13,3029,2200,5229
07/02/2018,13 - 14,3047,2169,5216
07/02/2018,14 - 15,2964,2148,5112
07/02/2018,15 - 16,2866,2110,4976
07/02/2018,16 - 17,2878,2121,4999
07/02/2018,17 - 18,3157,2354,5511
07/02/2018,18 - 19,3127,2356,5483
07/02/2018,19 - 20,2904,2216,5120
07/02/2018,20 - 21,2753,2065,4818
07/02/2018,21 - 22,2594,1931,4525
07/02/2018,22 - 23,2403,1770,4173
07/02/2018,23 - 00,2240,1630,3870
08/02/2018,00 - 01,2139,1532,3671
08/02/2018,01 - 02,2097,1476,3573
08/02/2018,02 - 03,2060,1456,3516
08/02/2018,03 - 04,2081,1462,3543
08/02/2018,04 - 05,2136,1498,3634
08/02/2018,05 - 06,2284,1603,3887
08/02/2018,06 - 07,2701,1884,4585
08/02/2018,07 - 08,3088,2147,5235
08/02/2018,08 - 09,3161,2201,5362
08/02/2018,09 - 10,3119,2217,5336
08/02/2018,10 - 11,3136,2198,5334
08/02/2018,11 - 12,3101,2143,5244
08/02/2018,12 - 13,2998,2092,5090
08/02/2018,13 - 14,2999,2056,5055
08/02/2018,14 - 15,2920,2020,4940
08/02/2018,15 - 16,2832,1987,4819
08/02/2018,16 - 17,2892,2022,4914
08/02/2018,17 - 18,3203,2239,5442
08/02/2018,18 - 19,3151,2265,5416
08/02/2018,19 - 20,2962,2130,5092
08/02/2018,20 - 21,2807,2006,4813
08/02/2018,21 - 22,2635,1888,4523
08/02/2018,22 - 23,2437,1730,4167
08/02/2018,23 - 00,2269,1592,3861
09/02/2018,00 - 01,2152,1499,3651
09/02/2018,01 - 02,2089,1446,3535
09/02/2018,02 - 03,2061,1421,3482
09/02/2018,03 - 04,2075,1423,3498
09/02/2018,04 - 05,2136,1455,3591
09/02/2018,05 - 06,2297,1563,3860
09/02/2018,06 - 07,2670,1821,4491
09/02/2018,07 - 08,3081,2069,5150
09/02/2018,08 - 09,3177,2128,5305
09/02/2018,09 - 10,3124,2140,5264
09/02/2018,10 - 11,3112,2113,5225
09/02/2018,11 - 12,3035,2056,5091
09/02/2018,12 - 13,2912,1988,4900
09/02/2018,13 - 14,2836,1952,4788
09/02/2018,14 - 15,2696,1925,4621
09/02/2018,15 - 16,2643,1930,4573
09/02/2018,16 - 17,2759,1987,4746
09/02/2018,17 - 18,3015,2184,5199
09/02/2018,18 - 19,3014,2202,5216
09/02/2018,19 - 20,2794,2035,4829
09/02/2018,20 - 21,2603,1900,4503
09/02/2018,21 - 22,2459,1785,4244
09/02/2018,22 - 23,2307,1667,3974
09/02/2018,23 - 00,2164,1563,3727
10/02/2018,00 - 01,2065,1470,3535
10/02/2018,01 - 02,1993,1413,3406
10/02/2018,02 - 03,1965,1390,3355
10/02/2018,03 - 04,1958,1391,3349
10/02/2018,04 - 05,1980,1401,3381
10/02/2018,05 - 06,2044,1435,3479
10/02/2018,06 - 07,2153,1502,3655
10/02/2018,07 - 08,2331,1618,3949
10/02/2018,08 - 09,2488,1754,4242
10/02/2018,09 - 10,2597,1834,4431
10/02/2018,10 - 11,2638,1890,4528
10/02/2018,11 - 12,2581,1891,4472
10/02/2018,12 - 13,2535,1893,4428
10/02/2018,13 - 14,2483,1885,4368
10/02/2018,14 - 15,2466,1857,4323
10/02/2018,15 - 16,2471,1843,4314
10/02/2018,16 - 17,2555,1907,4462
10/02/2018,17 - 18,2827,2097,4924
10/02/2018,18 - 19,2749,2123,4872
10/02/2018,19 - 20,2489,1966,4455
10/02/2018,20 - 21,2303,1853,4156
10/02/2018,21 - 22,2176,1770,3946
10/02/2018,22 - 23,2061,1677,3738
10/02/2018,23 - 00,1940,1575,3515
11/02/2018,00 - 01,1864,1463,3327
11/02/2018,01 - 02,1818,1396,3214
11/02/2018,02 - 03,1809,1366,3175
11/02/2018,03 - 04,1749,1362,3111
11/02/2018,04 - 05,1756,1344,3100
11/02/2018,05 - 06,1821,1349,3170
11/02/2018,06 - 07,1975,1384,3359
11/02/2018,07 - 08,2122,1461,3583
11/02/2018,08 - 09,2310,1557,3867
11/02/2018,09 - 10,2450,1636,4086
11/02/2018,10 - 11,2502,1700,4202
11/02/2018,11 - 12,2544,1721,4265
11/02/2018,12 - 13,2531,1746,4277
11/02/2018,13 - 14,2440,1765,4205
11/02/2018,14 - 15,2478,1774,4252
11/02/2018,15 - 16,2487,1765,4252
11/02/2018,16 - 17,2534,1825,4359
11/02/2018,17 - 18,2774,1972,4746
11/02/2018,18 - 19,2725,1964,4689
11/02/2018,19 - 20,2514,1837,4351
11/02/2018,20 - 21,2372,1678,4050
11/02/2018,21 - 22,2240,1569,3809
11/02/2018,22 - 23,2231,1425,3656
11/02/2018,23 - 00,2096,1319,3415
12/02/2018,00 - 01,1990,1233,3223
12/02/2018,01 - 02,1969,1178,3147
12/02/2018,02 - 03,1975,1137,3112
12/02/2018,03 - 04,1963,1153,3116
12/02/2018,04 - 05,1989,1192,3181
12/02/2018,05 - 06,2050,1294,3344
12/02/2018,06 - 07,2429,1514,3943
12/02/2018,07 - 08,2866,1751,4617
12/02/2018,08 - 09,3110,1862,4972
12/02/2018,09 - 10,3161,1930,5091
12/02/2018,10 - 11,3208,1983,5191
12/02/2018,11 - 12,3123,1957,5080
12/02/2018,12 - 13,3020,1932,4952
12/02/2018,13 - 14,2984,1926,4910
12/02/2018,14 - 15,2984,1919,4903
12/02/2018,15 - 16,2859,1891,4750
12/02/2018,16 - 17,2806,1917,4723
12/02/2018,17 - 18,3099,2084,5183
12/02/2018,18 - 19,3110,2135,5245
12/02/2018,19 - 20,2883,1979,4862
12/02/2018,20 - 21,2672,1821,4493
12/02/2018,21 - 22,2544,1737,4281
12/02/2018,22 - 23,2370,1608,3978
12/02/2018,23 - 00,2161,1463,3624
13/02/2018,00 - 01,2082,1372,3454
13/02/2018,01 - 02,2048,1332,3380
13/02/2018,02 - 03,2005,1327,3332
13/02/2018,03 - 04,1998,1335,3333
13/02/2018,04 - 05,2079,1357,3436
13/02/2018,05 - 06,2214,1462,3676
13/02/2018,06 - 07,2543,1701,4244
13/02/2018,07 - 08,2966,1943,4909
13/02/2018,08 - 09,3062,2047,5109
13/02/2018,09 - 10,3093,2105,5198
13/02/2018,10 - 11,3128,2147,5275
13/02/2018,11 - 12,3068,2158,5226
13/02/2018,12 - 13,2982,2129,5111
13/02/2018,13 - 14,2996,2111,5107
13/02/2018,14 - 15,2923,2063,4986
13/02/2018,15 - 16,2818,2009,4827
13/02/2018,16 - 17,2792,2031,4823
13/02/2018,17 - 18,3060,2233,5293
13/02/2018,18 - 19,3054,2239,5293
13/02/2018,19 - 20,2881,2138,5019
13/02/2018,20 - 21,2723,1990,4713
13/02/2018,21 - 22,2533,1833,4366
13/02/2018,22 - 23,2361,1689,4050
13/02/2018,23 - 00,2194,1566,3760
14/02/2018,00 - 01,2091,1481,3572
14/02/2018,01 - 02,2049,1443,3492
14/02/2018,02 - 03,2025,1423,3448
14/02/2018,03 - 04,2031,1429,3460
14/02/2018,04 - 05,2097,1462,3559
14/02/2018,05 - 06,2240,1559,3799
14/02/2018,06 - 07,2579,1760,4339
14/02/2018,07 - 08,2935,2000,4935
14/02/2018,08 - 09,3034,2096,5130
14/02/2018,09 - 10,3016,2118,5134
14/02/2018,10 - 11,3036,2114,5150
14/02/2018,11 - 12,2975,2045,5020
14/02/2018,12 - 13,2885,1998,4883
14/02/2018,13 - 14,2913,1965,4878
14/02/2018,14 - 15,2856,1937,4793
14/02/2018,15 - 16,2738,1914,4652
14/02/2018,16 - 17,2742,1915,4657
14/02/2018,17 - 18,2994,2103,5097
14/02/2018,18 - 19,3007,2147,5154
14/02/2018,19 - 20,2817,2015,4832
14/02/2018,20 - 21,2638,1888,4526
14/02/2018,21 - 22,2537,1730,4267
14/02/2018,22 - 23,2389,1614,4003
14/02/2018,23 - 00,2236,1507,3743
15/02/2018,00 - 01,2160,1385,3545
15/02/2018,01 - 02,2136,1345,3481
15/02/2018,02 - 03,2122,1312,3434
15/02/2018,03 - 04,2139,1312,3451
15/02/2018,04 - 05,2168,1336,3504
15/02/2018,05 - 06,2279,1436,3715
15/02/2018,06 - 07,2622,1624,4246
15/02/2018,07 - 08,2987,1862,4849
15/02/2018,08 - 09,3109,1981,5090
15/02/2018,09 - 10,3113,1998,5111
15/02/2018,10 - 11,3112,1973,5085
15/02/2018,11 - 12,3134,1944,5078
15/02/2018,12 - 13,3008,1920,4928
15/02/2018,13 - 14,3028,1898,4926
15/02/2018,14 - 15,3015,1870,4885
15/02/2018,15 - 16,2950,1837,4787
15/02/2018,16 - 17,2948,1882,4830
15/02/2018,17 - 18,3129,2061,5190
15/02/2018,18 - 19,3056,2063,5119
15/02/2018,19 - 20,2849,1926,4775
15/02/2018,20 - 21,2706,1814,4520
15/02/2018,21 - 22,2541,1744,4285
15/02/2018,22 - 23,2364,1634,3998
15/02/2018,23 - 00,2182,1530,3712
16/02/2018,00 - 01,2071,1442,3513
16/02/2018,01 - 02,2020,1368,3388
16/02/2018,02 - 03,2007,1311,3318
16/02/2018,03 - 04,1973,1317,3290
16/02/2018,04 - 05,2010,1338,3348
16/02/2018,05 - 06,2194,1426,3620
16/02/2018,06 - 07,2494,1628,4122
16/02/2018,07 - 08,2840,1825,4665
16/02/2018,08 - 09,2962,1931,4893
16/02/2018,09 - 10,2960,1980,4940
16/02/2018,10 - 11,2974,1970,4944
16/02/2018,11 - 12,2903,1945,4848
16/02/2018,12 - 13,2795,1935,4730
16/02/2018,13 - 14,2693,1858,4551
16/02/2018,14 - 15,2612,1809,4421
16/02/2018,15 - 16,2535,1745,4280
16/02/2018,16 - 17,2600,1766,4366
16/02/2018,17 - 18,2788,1925,4713
16/02/2018,18 - 19,2774,1956,4730
16/02/2018,19 - 20,2598,1866,4464
16/02/2018,20 - 21,2450,1730,4180
16/02/2018,21 - 22,2303,1647,3950
16/02/2018,22 - 23,2155,1530,3685
16/02/2018,23 - 00,2045,1437,3482
17/02/2018,00 - 01,1955,1340,3295
17/02/2018,01 - 02,1851,1291,3142
17/02/2018,02 - 03,1824,1260,3084
17/02/2018,03 - 04,1807,1261,3068
17/02/2018,04 - 05,1831,1272,3103
17/02/2018,05 - 06,1893,1303,3196
17/02/2018,06 - 07,1994,1375,3369
17/02/2018,07 - 08,2163,1486,3649
17/02/2018,08 - 09,2327,1634,3961
17/02/2018,09 - 10,2422,1754,4176
17/02/2018,10 - 11,2434,1816,4250
17/02/2018,11 - 12,2428,1821,4249
17/02/2018,12 - 13,2368,1798,4166
17/02/2018,13 - 14,2304,1773,4077
17/02/2018,14 - 15,2261,1748,4009
17/02/2018,15 - 16,2254,1730,3984
17/02/2018,16 - 17,2324,1792,4116
17/02/2018,17 - 18,2583,1976,4559
17/02/2018,18 - 19,2656,2029,4685
17/02/2018,19 - 20,2458,1900,4358
17/02/2018,20 - 21,2312,1768,4080
17/02/2018,21 - 22,2178,1664,3842
17/02/2018,22 - 23,2035,1567,3602
17/02/2018,23 - 00,1922,1469,3391
18/02/2018,00 - 01,1841,1365,3206
18/02/2018,01 - 02,1783,1312,3095
18/02/2018,02 - 03,1750,1278,3028
18/02/2018,03 - 04,1745,1263,3008
18/02/2018,04 - 05,1756,1263,3019
18/02/2018,05 - 06,1799,1285,3084
18/02/2018,06 - 07,1893,1355,3248
18/02/2018,07 - 08,2031,1440,3471
18/02/2018,08 - 09,2181,1552,3733
18/02/2018,09 - 10,2306,1674,3980
18/02/2018,10 - 11,2340,1718,4058
18/02/2018,11 - 12,2331,1719,4050
18/02/2018,12 - 13,2268,1703,3971
18/02/2018,13 - 14,2246,1666,3912
18/02/2018,14 - 15,2259,1654,3913
18/02/2018,15 - 16,2287,1666,3953
18/02/2018,16 - 17,2347,1729,4076
18/02/2018,17 - 18,2644,1964,4608
18/02/2018,18 - 19,2719,2053,4772
18/02/2018,19 - 20,2543,1926,4469
18/02/2018,20 - 21,2378,1777,4155
18/02/2018,21 - 22,2241,1657,3898
18/02/2018,22 - 23,2079,1521,3600
18/02/2018,23 - 00,1959,1414,3373
19/02/2018,00 - 01,1903,1323,3226
19/02/2018,01 - 02,1851,1275,3126
19/02/2018,02 - 03,1845,1252,3097
19/02/2018,03 - 04,1874,1266,3140
19/02/2018,04 - 05,1909,1294,3203
19/02/2018,05 - 06,2084,1414,3498
19/02/2018,06 - 07,2491,1701,4192
19/02/2018,07 - 08,2897,1940,4837
19/02/2018,08 - 09,3024,2015,5039
19/02/2018,09 - 10,3029,2043,5072
19/02/2018,10 - 11,3070,2050,5120
19/02/2018,11 - 12,3069,2043,5112
19/02/2018,12 - 13,3003,2026,5029
19/02/2018,13 - 14,3034,2021,5055
19/02/2018,14 - 15,2991,1989,4980
19/02/2018,15 - 16,2897,1961,4858
19/02/2018,16 - 17,2891,1996,4887
19/02/2018,17 - 18,3096,2180,5276
19/02/2018,18 - 19,3034,2187,5221
19/02/2018,19 - 20,2818,2045,4863
19/02/2018,20 - 21,2662,1913,4575
19/02/2018,21 - 22,2487,1776,4263
19/02/2018,22 - 23,2301,1614,3915
19/02/2018,23 - 00,2118,1466,3584
20/02/2018,00 - 01,2011,1376,3387
20/02/2018,01 - 02,1955,1323,3278
20/02/2018,02 - 03,1948,1301,3249
20/02/2018,03 - 04,1948,1307,3255
20/02/2018,04 - 05,1999,1339,3338
20/02/2018,05 - 06,2146,1433,3579
20/02/2018,06 - 07,2524,1702,4226
20/02/2018,07 - 08,2896,1945,4841
20/02/2018,08 - 09,2978,2035,5013
20/02/2018,09 - 10,2983,2072,5055
20/02/2018,10 - 11,3010,2077,5087
20/02/2018,11 - 12,2957,2044,5001
20/02/2018,12 - 13,2901,2018,4919
20/02/2018,13 - 14,2920,2024,4944
20/02/2018,14 - 15,2859,1991,4850
20/02/2018,15 - 16,2770,1954,4724
20/02/2018,16 - 17,2778,1981,4759
20/02/2018,17 - 18,3014,2177,5191
20/02/2018,18 - 19,3038,2212,5250
20/02/2018,19 - 20,2859,2066,4925
20/02/2018,20 - 21,2704,1920,4624
20/02/2018,21 - 22,2536,1781,4317
20/02/2018,22 - 23,2358,1619,3977
20/02/2018,23 - 00,2182,1480,3662
21/02/2018,00 - 01,2074,1406,3480
21/02/2018,01 - 02,2016,1351,3367
21/02/2018,02 - 03,1998,1338,3336
21/02/2018,03 - 04,2007,1341,3348
21/02/2018,04 - 05,2060,1369,3429
21/02/2018,05 - 06,2210,1468,3678
21/02/2018,06 - 07,2587,1727,4314
21/02/2018,07 - 08,2957,1970,4927
21/02/2018,08 - 09,3065,2051,5116
21/02/2018,09 - 10,3019,2027,5046
21/02/2018,10 - 11,2964,2063,5027
21/02/2018,11 - 12,2998,2068,5066
21/02/2018,12 - 13,2909,2046,4955
21/02/2018,13 - 14,2929,2028,4957
21/02/2018,14 - 15,2899,1993,4892
21/02/2018,15 - 16,3006,1993,4999
21/02/2018,16 - 17,2826,1998,4824
21/02/2018,17 - 18,3040,2184,5224
21/02/2018,18 - 19,3054,2222,5276
21/02/2018,19 - 20,2858,2063,4921
21/02/2018,20 - 21,2707,1929,4636
21/02/2018,21 - 22,2508,1797,4305
21/02/2018,22 - 23,2293,1642,3935
21/02/2018,23 - 00,2130,1522,3652
22/02/2018,00 - 01,2022,1413,3435
22/02/2018,01 - 02,1974,1353,3327
22/02/2018,02 - 03,1947,1340,3287
22/02/2018,03 - 04,1948,1350,3298
22/02/2018,04 - 05,2007,1383,3390
22/02/2018,05 - 06,2162,1491,3653
22/02/2018,06 - 07,2553,1766,4319
22/02/2018,07 - 08,2940,1984,4924
22/02/2018,08 - 09,3048,2064,5112
22/02/2018,09 - 10,3034,2074,5108
22/02/2018,10 - 11,3096,2084,5180
22/02/2018,11 - 12,3083,2063,5146
22/02/2018,12 - 13,2982,2045,5027
22/02/2018,13 - 14,2969,2011,4980
22/02/2018,14 - 15,2886,2003,4889
22/02/2018,15 - 16,2777,1979,4756
22/02/2018,16 - 17,2759,1960,4719
22/02/2018,17 - 18,2971,2100,5071
22/02/2018,18 - 19,3070,2199,5269
22/02/2018,19 - 20,2901,2090,4991
22/02/2018,20 - 21,2718,1950,4668
22/02/2018,21 - 22,2557,1807,4364
22/02/2018,22 - 23,2392,1666,4058
22/02/2018,23 - 00,2205,1539,3744
23/02/2018,00 - 01,2102,1448,3550
23/02/2018,01 - 02,2048,1393,3441
23/02/2018,02 - 03,2037,1376,3413
23/02/2018,03 - 04,2052,1389,3441
23/02/2018,04 - 05,2113,1444,3557
23/02/2018,05 - 06,2266,1538,3804
23/02/2018,06 - 07,2672,1803,4475
23/02/2018,07 - 08,3006,2019,5025
23/02/2018,08 - 09,3082,2109,5191
23/02/2018,09 - 10,3045,2131,5176
23/02/2018,10 - 11,3044,2153,5197
23/02/2018,11 - 12,2952,2141,5093
23/02/2018,12 - 13,2834,2103,4937
23/02/2018,13 - 14,2729,2052,4781
23/02/2018,14 - 15,2582,1987,4569
23/02/2018,15 - 16,2493,1933,4426
23/02/2018,16 - 17,2540,1956,4496
23/02/2018,17 - 18,2759,2112,4871
23/02/2018,18 - 19,2881,2191,5072
23/02/2018,19 - 20,2684,2036,4720
23/02/2018,20 - 21,2478,1866,4344
23/02/2018,21 - 22,2284,1710,3994
23/02/2018,22 - 23,2151,1612,3763
23/02/2018,23 - 00,2031,1507,3538
24/02/2018,00 - 01,1935,1421,3356
24/02/2018,01 - 02,1881,1353,3234
24/02/2018,02 - 03,1841,1319,3160
24/02/2018,03 - 04,1834,1325,3159
24/02/2018,04 - 05,1851,1329,3180
24/02/2018,05 - 06,1907,1352,3259
24/02/2018,06 - 07,2010,1443,3453
24/02/2018,07 - 08,2186,1548,3734
24/02/2018,08 - 09,2365,1696,4061
24/02/2018,09 - 10,2343,1725,4068
24/02/2018,10 - 11,2390,1757,4147
24/02/2018,11 - 12,2234,1692,3926
24/02/2018,12 - 13,2186,1667,3853
24/02/2018,13 - 14,2219,1706,3925
24/02/2018,14 - 15,2241,1712,3953
24/02/2018,15 - 16,2216,1710,3926
24/02/2018,16 - 17,2280,1762,4042
24/02/2018,17 - 18,2574,1977,4551
24/02/2018,18 - 19,2702,2072,4774
24/02/2018,19 - 20,2526,1956,4482
24/02/2018,20 - 21,2371,1838,4209
24/02/2018,21 - 22,2256,1735,3991
24/02/2018,22 - 23,2126,1644,3770
24/02/2018,23 - 00,2014,1551,3565
25/02/2018,00 - 01,1934,1470,3404
25/02/2018,01 - 02,1868,1418,3286
25/02/2018,02 - 03,1844,1381,3225
25/02/2018,03 - 04,1837,1378,3215
25/02/2018,04 - 05,1862,1380,3242
25/02/2018,05 - 06,1902,1407,3309
25/02/2018,06 - 07,2012,1465,3477
25/02/2018,07 - 08,2128,1549,3677
25/02/2018,08 - 09,2278,1680,3958
25/02/2018,09 - 10,2386,1780,4166
25/02/2018,10 - 11,2417,1809,4226
25/02/2018,11 - 12,2408,1801,4209
25/02/2018,12 - 13,2410,1783,4193
25/02/2018,13 - 14,2363,1760,4123
25/02/2018,14 - 15,2328,1753,4081
25/02/2018,15 - 16,2286,1763,4049
25/02/2018,16 - 17,2370,1822,4192
25/02/2018,17 - 18,2681,2034,4715
25/02/2018,18 - 19,2823,2153,4976
25/02/2018,19 - 20,2678,2017,4695
25/02/2018,20 - 21,2494,1850,4344
25/02/2018,21 - 22,2358,1725,4083
25/02/2018,22 - 23,2206,1591,3797
25/02/2018,23 - 00,2134,1490,3624
26/02/2018,00 - 01,2082,1448,3530
26/02/2018,01 - 02,2059,1418,3477
26/02/2018,02 - 03,2039,1405,3444
26/02/2018,03 - 04,2049,1412,3461
26/02/2018,04 - 05,2119,1424,3543
26/02/2018,05 - 06,2261,1514,3775
26/02/2018,06 - 07,2670,1762,4432
26/02/2018,07 - 08,2992,1997,4989
26/02/2018,08 - 09,3069,2082,5151
26/02/2018,09 - 10,3041,2102,5143
26/02/2018,10 - 11,3027,2095,5122
26/02/2018,11 - 12,2982,2064,5046
26/02/2018,12 - 13,2898,2009,4907
26/02/2018,13 - 14,2918,1988,4906
26/02/2018,14 - 15,2848,1969,4817
26/02/2018,15 - 16,2778,1968,4746
26/02/2018,16 - 17,2818,1963,4781
26/02/2018,17 - 18,3056,2161,5217
26/02/2018,18 - 19,3147,2245,5392
26/02/2018,19 - 20,2987,2098,5085
26/02/2018,20 - 21,2827,1955,4782
26/02/2018,21 - 22,2661,1834,4495
26/02/2018,22 - 23,2467,1674,4141
26/02/2018,23 - 00,2286,1534,3820
27/02/2018,00 - 01,2195,1461,3656
27/02/2018,01 - 02,2135,1418,3553
27/02/2018,02 - 03,2096,1401,3497
27/02/2018,03 - 04,2120,1415,3535
27/02/2018,04 - 05,2184,1430,3614
27/02/2018,05 - 06,2337,1539,3876
27/02/2018,06 - 07,2742,1815,4557
27/02/2018,07 - 08,3098,2014,5112
27/02/2018,08 - 09,3215,2061,5276
27/02/2018,09 - 10,3213,2079,5292
27/02/2018,10 - 11,3242,2095,5337
27/02/2018,11 - 12,3257,2079,5336
27/02/2018,12 - 13,3183,2032,5215
27/02/2018,13 - 14,3221,2009,5230
27/02/2018,14 - 15,3197,1964,5161
27/02/2018,15 - 16,3053,1955,5008
27/02/2018,16 - 17,3065,1971,5036
27/02/2018,17 - 18,3284,2130,5414
27/02/2018,18 - 19,3346,2182,5528
27/02/2018,19 - 20,3154,2115,5269
27/02/2018,20 - 21,3033,1982,5015
27/02/2018,21 - 22,2828,1891,4719
27/02/2018,22 - 23,2694,1726,4420
27/02/2018,23 - 00,2494,1571,4065
28/02/2018,00 - 01,2417,1502,3919
28/02/2018,01 - 02,2329,1434,3763
28/02/2018,02 - 03,2343,1444,3787
28/02/2018,03 - 04,2287,1449,3736
28/02/2018,04 - 05,2332,1504,3836
28/02/2018,05 - 06,2483,1599,4082
28/02/2018,06 - 07,2808,1844,4652
28/02/2018,07 - 08,3125,2081,5206
28/02/2018,08 - 09,3226,2175,5401
28/02/2018,09 - 10,3255,2179,5434
28/02/2018,10 - 11,3405,2168,5573
28/02/2018,11 - 12,3386,2115,5501
28/02/2018,12 - 13,3280,2043,5323
28/02/2018,13 - 14,3286,2026,5312
28/02/2018,14 - 15,3265,2031,5296
28/02/2018,15 - 16,3157,2002,5159
28/02/2018,16 - 17,3154,2000,5154
28/02/2018,17 - 18,3324,2159,5483
28/02/2018,18 - 19,3398,2245,5643
28/02/2018,19 - 20,3265,2153,5418
28/02/2018,20 - 21,3095,2031,5126
28/02/2018,21 - 22,2886,1926,4812
28/02/2018,22 - 23,2679,1767,4446
28/02/2018,23 - 00,2504,1612,4116
01/03/2018,00 - 01,2445,1545,3990
01/03/2018,01 - 02,2377,1486,3863
01/03/2018,02 - 03,2374,1484,3858
01/03/2018,03 - 04,2400,1458,3858
01/03/2018,04 - 05,2440,1457,3897
01/03/2018,05 - 06,2558,1547,4105
01/03/2018,06 - 07,2952,1822,4774
01/03/2018,07 - 08,3344,2021,5365
01/03/2018,08 - 09,3419,2118,5537
01/03/2018,09 - 10,3393,2148,5541
01/03/2018,10 - 11,3474,2136,5610
01/03/2018,11 - 12,3444,2121,5565
01/03/2018,12 - 13,3288,2099,5387
01/03/2018,13 - 14,3230,2058,5288
01/03/2018,14 - 15,3181,2002,5183
01/03/2018,15 - 16,3099,1960,5059
01/03/2018,16 - 17,3094,2001,5095
01/03/2018,17 - 18,3282,2108,5390
01/03/2018,18 - 19,3344,2205,5549
01/03/2018,19 - 20,3178,2128,5306
01/03/2018,20 - 21,3018,1993,5011
01/03/2018,21 - 22,2860,1870,4730
01/03/2018,22 - 23,2624,1707,4331
01/03/2018,23 - 00,2376,1599,3975
02/03/2018,00 - 01,2274,1536,3810
02/03/2018,01 - 02,2189,1513,3702
02/03/2018,02 - 03,2190,1507,3697
02/03/2018,03 - 04,2227,1502,3729
02/03/2018,04 - 05,2306,1520,3826
02/03/2018,05 - 06,2446,1621,4067
02/03/2018,06 - 07,2850,1835,4685
02/03/2018,07 - 08,3202,1993,5195
02/03/2018,08 - 09,3305,2095,5400
02/03/2018,09 - 10,3249,2147,5396
02/03/2018,10 - 11,3317,2204,5521
02/03/2018,11 - 12,3293,2234,5527
02/03/2018,12 - 13,3162,2174,5336
02/03/2018,13 - 14,3168,2131,5299
02/03/2018,14 - 15,3066,2058,5124
02/03/2018,15 - 16,2981,1992,4973
02/03/2018,16 - 17,2923,2030,4953
02/03/2018,17 - 18,3086,2133,5219
02/03/2018,18 - 19,3123,2214,5337
02/03/2018,19 - 20,2898,2080,4978
02/03/2018,20 - 21,2741,1948,4689
02/03/2018,21 - 22,2576,1831,4407
02/03/2018,22 - 23,2442,1726,4168
02/03/2018,23 - 00,2333,1613,3946
03/03/2018,00 - 01,2224,1553,3777
03/03/2018,01 - 02,2170,1498,3668
03/03/2018,02 - 03,2136,1466,3602
03/03/2018,03 - 04,2116,1472,3588
03/03/2018,04 - 05,2116,1470,3586
03/03/2018,05 - 06,2158,1493,3651
03/03/2018,06 - 07,2267,1575,3842
03/03/2018,07 - 08,2442,1675,4117
03/03/2018,08 - 09,2619,1822,4441
03/03/2018,09 - 10,2692,1902,4594
03/03/2018,10 - 11,2680,1940,4620
03/03/2018,11 - 12,2651,1935,4586
03/03/2018,12 - 13,2629,1896,4525
03/03/2018,13 - 14,2584,1827,4411
03/03/2018,14 - 15,2579,1802,4381
03/03/2018,15 - 16,2532,1787,4319
03/03/2018,16 - 17,2596,1839,4435
03/03/2018,17 - 18,2785,1992,4777
03/03/2018,18 - 19,2885,2123,5008
03/03/2018,19 - 20,2698,2000,4698
03/03/2018,20 - 21,2542,1856,4398
03/03/2018,21 - 22,2395,1779,4174
03/03/2018,22 - 23,2245,1694,3939
03/03/2018,23 - 00,2127,1592,3719
04/03/2018,00 - 01,2056,1516,3572
04/03/2018,01 - 02,2018,1457,3475
04/03/2018,02 - 03,1991,1421,3412
04/03/2018,03 - 04,1998,1407,3405
04/03/2018,04 - 05,1993,1415,3408
04/03/2018,05 - 06,2018,1427,3445
04/03/2018,06 - 07,2135,1467,3602
04/03/2018,07 - 08,2276,1568,3844
04/03/2018,08 - 09,2415,1701,4116
04/03/2018,09 - 10,2491,1800,4291
04/03/2018,10 - 11,2516,1837,4353
04/03/2018,11 - 12,2483,1786,4269
04/03/2018,12 - 13,2450,1769,4219
04/03/2018,13 - 14,2413,1723,4136
04/03/2018,14 - 15,2388,1707,4095
04/03/2018,15 - 16,2410,1697,4107
04/03/2018,16 - 17,2488,1766,4254
04/03/2018,17 - 18,2730,1927,4657
04/03/2018,18 - 19,2843,2039,4882
04/03/2018,19 - 20,2690,1953,4643
04/03/2018,20 - 21,2520,1802,4322
04/03/2018,21 - 22,2369,1682,4051
04/03/2018,22 - 23,2221,1553,3774
04/03/2018,23 - 00,2092,1445,3537
05/03/2018,00 - 01,2018,1393,3411
05/03/2018,01 - 02,2010,1331,3341
05/03/2018,02 - 03,2007,1302,3309
05/03/2018,03 - 04,2013,1280,3293
05/03/2018,04 - 05,2090,1300,3390
05/03/2018,05 - 06,2269,1393,3662
05/03/2018,06 - 07,2652,1636,4288
05/03/2018,07 - 08,3050,1860,4910
05/03/2018,08 - 09,3214,1973,5187
05/03/2018,09 - 10,2860,2010,4870
05/03/2018,10 - 11,3028,2087,5115
05/03/2018,11 - 12,3236,2120,5356
05/03/2018,12 - 13,3171,2123,5294
05/03/2018,13 - 14,3140,2113,5253
05/03/2018,14 - 15,3107,2089,5196
05/03/2018,15 - 16,3014,2024,5038
05/03/2018,16 - 17,2984,2054,5038
05/03/2018,17 - 18,3184,2210,5394
05/03/2018,18 - 19,3165,2273,5438
05/03/2018,19 - 20,3013,2134,5147
05/03/2018,20 - 21,2818,1963,4781
05/03/2018,21 - 22,2654,1815,4469
05/03/2018,22 - 23,2444,1633,4077
05/03/2018,23 - 00,2269,1491,3760
06/03/2018,00 - 01,2127,1422,3549
06/03/2018,01 - 02,2086,1379,3465
06/03/2018,02 - 03,2061,1363,3424
06/03/2018,03 - 04,2072,1391,3463
06/03/2018,04 - 05,2132,1420,3552
06/03/2018,05 - 06,2284,1527,3811
06/03/2018,06 - 07,2669,1792,4461
06/03/2018,07 - 08,2975,2019,4994
06/03/2018,08 - 09,3087,2094,5181
06/03/2018,09 - 10,3080,2108,5188
06/03/2018,10 - 11,3108,2091,5199
06/03/2018,11 - 12,3067,2040,5107
06/03/2018,12 - 13,2977,1982,4959
06/03/2018,13 - 14,2971,1934,4905
06/03/2018,14 - 15,2900,1915,4815
06/03/2018,15 - 16,2809,1861,4670
06/03/2018,16 - 17,2818,1864,4682
06/03/2018,17 - 18,3053,2001,5054
06/03/2018,18 - 19,3073,2105,5178
06/03/2018,19 - 20,2944,2039,4983
06/03/2018,20 - 21,2746,1888,4634
06/03/2018,21 - 22,2576,1757,4333
06/03/2018,22 - 23,2391,1603,3994
06/03/2018,23 - 00,2210,1449,3659
07/03/2018,00 - 01,2119,1385,3504
07/03/2018,01 - 02,2050,1342,3392
07/03/2018,02 - 03,2028,1323,3351
07/03/2018,03 - 04,2052,1327,3379
07/03/2018,04 - 05,2113,1350,3463
07/03/2018,05 - 06,2275,1476,3751
07/03/2018,06 - 07,2639,1746,4385
07/03/2018,07 - 08,2962,1945,4907
07/03/2018,08 - 09,3090,2038,5128
07/03/2018,09 - 10,2995,2042,5037
07/03/2018,10 - 11,3041,2060,5101
07/03/2018,11 - 12,3070,2057,5127
07/03/2018,12 - 13,2993,2094,5087
07/03/2018,13 - 14,2989,2084,5073
07/03/2018,14 - 15,2944,2057,5001
07/03/2018,15 - 16,2869,2045,4914
07/03/2018,16 - 17,2890,2085,4975
07/03/2018,17 - 18,3070,2214,5284
07/03/2018,18 - 19,3092,2261,5353
07/03/2018,19 - 20,2962,2153,5115
07/03/2018,20 - 21,2778,2000,4778
07/03/2018,21 - 22,2576,1850,4426
07/03/2018,22 - 23,2385,1691,4076
07/03/2018,23 - 00,2207,1544,3751
08/03/2018,00 - 01,2101,1460,3561
08/03/2018,01 - 02,2051,1430,3481
08/03/2018,02 - 03,2057,1410,3467
08/03/2018,03 - 04,2049,1415,3464
08/03/2018,04 - 05,2097,1441,3538
08/03/2018,05 - 06,2257,1539,3796
08/03/2018,06 - 07,2629,1788,4417
08/03/2018,07 - 08,2967,2024,4991
08/03/2018,08 - 09,3105,2119,5224
08/03/2018,09 - 10,3087,2134,5221
08/03/2018,10 - 11,3120,2147,5267
08/03/2018,11 - 12,3093,2117,5210
08/03/2018,12 - 13,3020,2086,5106
08/03/2018,13 - 14,2998,2053,5051
08/03/2018,14 - 15,2973,2030,5003
08/03/2018,15 - 16,2889,2022,4911
08/03/2018,16 - 17,2881,2060,4941
08/03/2018,17 - 18,3049,2195,5244
08/03/2018,18 - 19,3067,2237,5304
08/03/2018,19 - 20,2926,2099,5025
08/03/2018,20 - 21,2758,1955,4713
08/03/2018,21 - 22,2605,1809,4414
08/03/2018,22 - 23,2410,1643,4053
08/03/2018,23 - 00,2230,1517,3747
09/03/2018,00 - 01,2124,1418,3542
09/03/2018,01 - 02,2077,1362,3439
09/03/2018,02 - 03,2061,1348,3409
09/03/2018,03 - 04,2054,1359,3413
09/03/2018,04 - 05,2098,1376,3474
09/03/2018,05 - 06,2245,1461,3706
09/03/2018,06 - 07,2610,1706,4316
09/03/2018,07 - 08,2953,1906,4859
09/03/2018,08 - 09,3089,2010,5099
09/03/2018,09 - 10,3079,2056,5135
09/03/2018,10 - 11,3119,2111,5230
09/03/2018,11 - 12,3073,2091,5164
09/03/2018,12 - 13,2946,2063,5009
09/03/2018,13 - 14,2859,2002,4861
09/03/2018,14 - 15,2744,1988,4732
09/03/2018,15 - 16,2662,2008,4670
09/03/2018,16 - 17,2728,2039,4767
09/03/2018,17 - 18,2880,2165,5045
09/03/2018,18 - 19,2923,2221,5144
09/03/2018,19 - 20,2766,2118,4884
09/03/2018,20 - 21,2586,1960,4546
09/03/2018,21 - 22,2421,1820,4241
09/03/2018,22 - 23,2263,1704,3967
09/03/2018,23 - 00,2126,1584,3710
10/03/2018,00 - 01,2005,1486,3491
10/03/2018,01 - 02,1939,1441,3380
10/03/2018,02 - 03,1920,1402,3322
10/03/2018,03 - 04,1917,1398,3315
10/03/2018,04 - 05,1939,1388,3327
10/03/2018,05 - 06,2003,1413,3416
10/03/2018,06 - 07,2125,1474,3599
10/03/2018,07 - 08,2275,1590,3865
10/03/2018,08 - 09,2410,1719,4129
10/03/2018,09 - 10,2480,1804,4284
10/03/2018,10 - 11,2507,1837,4344
10/03/2018,11 - 12,2466,1810,4276
10/03/2018,12 - 13,2389,1757,4146
10/03/2018,13 - 14,2349,1741,4090
10/03/2018,14 - 15,2319,1713,4032
10/03/2018,15 - 16,2347,1700,4047
10/03/2018,16 - 17,2414,1753,4167
10/03/2018,17 - 18,2610,1886,4496
10/03/2018,18 - 19,2683,2033,4716
10/03/2018,19 - 20,2540,1957,4497
10/03/2018,20 - 21,2374,1820,4194
10/03/2018,21 - 22,2248,1736,3984
10/03/2018,22 - 23,2136,1618,3754
10/03/2018,23 - 00,2033,1515,3548
11/03/2018,00 - 01,1950,1412,3362
11/03/2018,01 - 02,1894,1380,3274
11/03/2018,02 - 03,1864,1354,3218
11/03/2018,03 - 04,1865,1356,3221
11/03/2018,04 - 05,1891,1360,3251
11/03/2018,05 - 06,1918,1385,3303
11/03/2018,06 - 07,2032,1426,3458
11/03/2018,07 - 08,2168,1504,3672
11/03/2018,08 - 09,2349,1650,3999
11/03/2018,09 - 10,2480,1767,4247
11/03/2018,10 - 11,2520,1823,4343
11/03/2018,11 - 12,2517,1841,4358
11/03/2018,12 - 13,2472,1848,4320
11/03/2018,13 - 14,2418,1824,4242
11/03/2018,14 - 15,2393,1807,4200
11/03/2018,15 - 16,2361,1806,4167
11/03/2018,16 - 17,2414,1850,4264
11/03/2018,17 - 18,2633,1982,4615
11/03/2018,18 - 19,2699,2056,4755
11/03/2018,19 - 20,2547,1955,4502
11/03/2018,20 - 21,2403,1835,4238
11/03/2018,21 - 22,2292,1712,4004
11/03/2018,22 - 23,2126,1566,3692
11/03/2018,23 - 00,2008,1465,3473
12/03/2018,00 - 01,1940,1377,3317
12/03/2018,01 - 02,1929,1341,3270
12/03/2018,02 - 03,1923,1317,3240
12/03/2018,03 - 04,1927,1318,3245
12/03/2018,04 - 05,1983,1361,3344
12/03/2018,05 - 06,2139,1474,3613
12/03/2018,06 - 07,2524,1699,4223
12/03/2018,07 - 08,2890,1941,4831
12/03/2018,08 - 09,3035,2041,5076
12/03/2018,09 - 10,3029,2073,5102
12/03/2018,10 - 11,3066,2081,5147
12/03/2018,11 - 12,3048,2078,5126
12/03/2018,12 - 13,2973,2069,5042
12/03/2018,13 - 14,2990,2052,5042
12/03/2018,14 - 15,2937,2046,4983
12/03/2018,15 - 16,2843,2002,4845
12/03/2018,16 - 17,2845,2030,4875
12/03/2018,17 - 18,3036,2174,5210
12/03/2018,18 - 19,3029,2191,5220
12/03/2018,19 - 20,2852,2069,4921
12/03/2018,20 - 21,2675,1929,4604
12/03/2018,21 - 22,2502,1791,4293
12/03/2018,22 - 23,2321,1619,3940
12/03/2018,23 - 00,2188,1477,3665
13/03/2018,00 - 01,2066,1378,3444
13/03/2018,01 - 02,2020,1342,3362
13/03/2018,02 - 03,2004,1332,3336
13/03/2018,03 - 04,2007,1341,3348
13/03/2018,04 - 05,2066,1365,3431
13/03/2018,05 - 06,2201,1468,3669
13/03/2018,06 - 07,2557,1716,4273
13/03/2018,07 - 08,2878,1956,4834
13/03/2018,08 - 09,3033,2083,5116
13/03/2018,09 - 10,3025,2118,5143
13/03/2018,10 - 11,3256,2238,5494
13/03/2018,11 - 12,3061,2129,5190
13/03/2018,12 - 13,2981,2110,5091
13/03/2018,13 - 14,3001,2106,5107
13/03/2018,14 - 15,2955,2089,5044
13/03/2018,15 - 16,2874,2030,4904
13/03/2018,16 - 17,2849,2030,4879
13/03/2018,17 - 18,3014,2168,5182
13/03/2018,18 - 19,3009,2193,5202
13/03/2018,19 - 20,2908,2093,5001
13/03/2018,20 - 21,2719,1916,4635
13/03/2018,21 - 22,2562,1778,4340
13/03/2018,22 - 23,2352,1611,3963
13/03/2018,23 - 00,2171,1488,3659
14/03/2018,00 - 01,2107,1396,3503
14/03/2018,01 - 02,2061,1328,3389
14/03/2018,02 - 03,2054,1324,3378
14/03/2018,03 - 04,2076,1331,3407
14/03/2018,04 - 05,2110,1363,3473
14/03/2018,05 - 06,2259,1468,3727
14/03/2018,06 - 07,2625,1700,4325
14/03/2018,07 - 08,2941,1938,4879
14/03/2018,08 - 09,3062,2034,5096
14/03/2018,09 - 10,3043,2061,5104
14/03/2018,10 - 11,3070,2093,5163
14/03/2018,11 - 12,3046,2091,5137
14/03/2018,12 - 13,2958,2086,5044
14/03/2018,13 - 14,2983,2083,5066
14/03/2018,14 - 15,2944,2062,5006
14/03/2018,15 - 16,2865,2038,4903
14/03/2018,16 - 17,2849,2063,4912
14/03/2018,17 - 18,3014,2182,5196
14/03/2018,18 - 19,3010,2222,5232
14/03/2018,19 - 20,2906,2108,5014
14/03/2018,20 - 21,2727,1931,4658
14/03/2018,21 - 22,2542,1774,4316
14/03/2018,22 - 23,2361,1629,3990
14/03/2018,23 - 00,2206,1505,3711
15/03/2018,00 - 01,2084,1410,3494
15/03/2018,01 - 02,2048,1371,3419
15/03/2018,02 - 03,2018,1355,3373
15/03/2018,03 - 04,2001,1350,3351
15/03/2018,04 - 05,2055,1389,3444
15/03/2018,05 - 06,2263,1519,3782
15/03/2018,06 - 07,2650,1765,4415
15/03/2018,07 - 08,2993,1964,4957
15/03/2018,08 - 09,3125,2085,5210
15/03/2018,09 - 10,3087,2103,5190
15/03/2018,10 - 11,3155,2150,5305
15/03/2018,11 - 12,3143,2162,5305
15/03/2018,12 - 13,3125,2121,5246
15/03/2018,13 - 14,3138,2101,5239
15/03/2018,14 - 15,3092,2073,5165
15/03/2018,15 - 16,2954,2047,5001
15/03/2018,16 - 17,2974,2071,5045
15/03/2018,17 - 18,3120,2181,5301
15/03/2018,18 - 19,3121,2236,5357
15/03/2018,19 - 20,3028,2170,5198
15/03/2018,20 - 21,2852,2028,4880
15/03/2018,21 - 22,2679,1891,4570
15/03/2018,22 - 23,2492,1738,4230
15/03/2018,23 - 00,2296,1599,3895
16/03/2018,00 - 01,2193,1523,3716
16/03/2018,01 - 02,2162,1479,3641
16/03/2018,02 - 03,2136,1462,3598
16/03/2018,03 - 04,2153,1478,3631
16/03/2018,04 - 05,2186,1511,3697
16/03/2018,05 - 06,2341,1615,3956
16/03/2018,06 - 07,2714,1830,4544
16/03/2018,07 - 08,3015,2019,5034
16/03/2018,08 - 09,3184,2117,5301
16/03/2018,09 - 10,3177,2153,5330
16/03/2018,10 - 11,3192,2166,5358
16/03/2018,11 - 12,3101,2144,5245
16/03/2018,12 - 13,2980,2118,5098
16/03/2018,13 - 14,2901,2071,4972
16/03/2018,14 - 15,2807,2005,4812
16/03/2018,15 - 16,2737,1973,4710
16/03/2018,16 - 17,2759,2003,4762
16/03/2018,17 - 18,2928,2119,5047
16/03/2018,18 - 19,2970,2205,5175
16/03/2018,19 - 20,2847,2162,5009
16/03/2018,20 - 21,2702,2013,4715
16/03/2018,21 - 22,2544,1898,4442
16/03/2018,22 - 23,2388,1783,4171
16/03/2018,23 - 00,2261,1679,3940
17/03/2018,00 - 01,2207,1609,3816
17/03/2018,01 - 02,2115,1539,3654
17/03/2018,02 - 03,2097,1515,3612
17/03/2018,03 - 04,2088,1501,3589
17/03/2018,04 - 05,2124,1502,3626
17/03/2018,05 - 06,2166,1536,3702
17/03/2018,06 - 07,2269,1585,3854
17/03/2018,07 - 08,2421,1705,4126
17/03/2018,08 - 09,2561,1807,4368
17/03/2018,09 - 10,2630,1882,4512
17/03/2018,10 - 11,2678,1939,4617
17/03/2018,11 - 12,2630,1932,4562
17/03/2018,12 - 13,2551,1927,4478
17/03/2018,13 - 14,2484,1882,4366
17/03/2018,14 - 15,2464,1851,4315
17/03/2018,15 - 16,2447,1816,4263
17/03/2018,16 - 17,2505,1822,4327
17/03/2018,17 - 18,2694,1951,4645
17/03/2018,18 - 19,2770,2057,4827
17/03/2018,19 - 20,2663,2022,4685
17/03/2018,20 - 21,2531,1918,4449
17/03/2018,21 - 22,2422,1843,4265
17/03/2018,22 - 23,2302,1721,4023
17/03/2018,23 - 00,2176,1651,3827
18/03/2018,00 - 01,2115,1567,3682
18/03/2018,01 - 02,2079,1570,3649
18/03/2018,02 - 03,2046,1511,3557
18/03/2018,03 - 04,2019,1494,3513
18/03/2018,04 - 05,2024,1461,3485
18/03/2018,05 - 06,2072,1514,3586
18/03/2018,06 - 07,2179,1532,3711
18/03/2018,07 - 08,2301,1635,3936
18/03/2018,08 - 09,2425,1742,4167
18/03/2018,09 - 10,2465,1791,4256
18/03/2018,10 - 11,2461,1808,4269
18/03/2018,11 - 12,2410,1804,4214
18/03/2018,12 - 13,2389,1777,4166
18/03/2018,13 - 14,2313,1745,4058
18/03/2018,14 - 15,2273,1731,4004
18/03/2018,15 - 16,2245,1710,3955
18/03/2018,16 - 17,2272,1749,4021
18/03/2018,17 - 18,2536,1853,4389
18/03/2018,18 - 19,2681,1984,4665
18/03/2018,19 - 20,2672,1983,4655
18/03/2018,20 - 21,2519,1859,4378
18/03/2018,21 - 22,2406,1737,4143
18/03/2018,22 - 23,2229,1607,3836
18/03/2018,23 - 00,2147,1489,3636
19/03/2018,00 - 01,2098,1406,3504
19/03/2018,01 - 02,2072,1361,3433
19/03/2018,02 - 03,2068,1362,3430
19/03/2018,03 - 04,2097,1381,3478
19/03/2018,04 - 05,2175,1427,3602
19/03/2018,05 - 06,2330,1533,3863
19/03/2018,06 - 07,2677,1771,4448
19/03/2018,07 - 08,2959,1964,4923
19/03/2018,08 - 09,3037,2025,5062
19/03/2018,09 - 10,2995,2046,5041
19/03/2018,10 - 11,3028,2058,5086
19/03/2018,11 - 12,2992,2030,5022
19/03/2018,12 - 13,2875,2008,4883
19/03/2018,13 - 14,2879,1971,4850
19/03/2018,14 - 15,2798,1922,4720
19/03/2018,15 - 16,2692,1876,4568
19/03/2018,16 - 17,2685,1908,4593
19/03/2018,17 - 18,2878,2022,4900
19/03/2018,18 - 19,2896,2063,4959
19/03/2018,19 - 20,2856,2025,4881
19/03/2018,20 - 21,2675,1869,4544
19/03/2018,21 - 22,2500,1758,4258
19/03/2018,22 - 23,2280,1604,3884
19/03/2018,23 - 00,2150,1499,3649
20/03/2018,00 - 01,2008,1413,3421
20/03/2018,01 - 02,2038,1346,3384
20/03/2018,02 - 03,2006,1277,3283
20/03/2018,03 - 04,2057,1319,3376
20/03/2018,04 - 05,2101,1352,3453
20/03/2018,05 - 06,2261,1446,3707
20/03/2018,06 - 07,2590,1643,4233
20/03/2018,07 - 08,2843,1840,4683
20/03/2018,08 - 09,2913,1944,4857
20/03/2018,09 - 10,2848,1958,4806
20/03/2018,10 - 11,2933,1943,4876
20/03/2018,11 - 12,2921,1911,4832
20/03/2018,12 - 13,2827,1878,4705
20/03/2018,13 - 14,2856,1843,4699
20/03/2018,14 - 15,2806,1807,4613
20/03/2018,15 - 16,2685,1772,4457
20/03/2018,16 - 17,2655,1796,4451
20/03/2018,17 - 18,2829,1934,4763
20/03/2018,18 - 19,2850,2029,4879
20/03/2018,19 - 20,2837,2022,4859
20/03/2018,20 - 21,2692,1916,4608
20/03/2018,21 - 22,2522,1775,4297
20/03/2018,22 - 23,2359,1622,3981
20/03/2018,23 - 00,2172,1490,3662
21/03/2018,00 - 01,2070,1413,3483
21/03/2018,01 - 02,2039,1367,3406
21/03/2018,02 - 03,2020,1356,3376
21/03/2018,03 - 04,2025,1365,3390
21/03/2018,04 - 05,2061,1399,3460
21/03/2018,05 - 06,2237,1491,3728
21/03/2018,06 - 07,2591,1699,4290
21/03/2018,07 - 08,2950,1923,4873
21/03/2018,08 - 09,3016,1997,5013
21/03/2018,09 - 10,2973,2001,4974
21/03/2018,10 - 11,3010,2017,5027
21/03/2018,11 - 12,2996,2002,4998
21/03/2018,12 - 13,2913,1990,4903
21/03/2018,13 - 14,2893,1962,4855
21/03/2018,14 - 15,2820,1909,4729
21/03/2018,15 - 16,2781,1885,4666
21/03/2018,16 - 17,2823,1930,4753
21/03/2018,17 - 18,2985,2072,5057
21/03/2018,18 - 19,2988,2095,5083
21/03/2018,19 - 20,2917,1999,4916
21/03/2018,20 - 21,2764,1856,4620
21/03/2018,21 - 22,2613,1717,4330
21/03/2018,22 - 23,2436,1554,3990
21/03/2018,23 - 00,2302,1437,3739
22/03/2018,00 - 01,2207,1359,3566
22/03/2018,01 - 02,2191,1319,3510
22/03/2018,02 - 03,2152,1288,3440
22/03/2018,03 - 04,2134,1291,3425
22/03/2018,04 - 05,2163,1328,3491
22/03/2018,05 - 06,2244,1439,3683
22/03/2018,06 - 07,2577,1668,4245
22/03/2018,07 - 08,2900,1913,4813
22/03/2018,08 - 09,3022,2017,5039
22/03/2018,09 - 10,3059,2060,5119
22/03/2018,10 - 11,3067,2038,5105
22/03/2018,11 - 12,3061,2016,5077
22/03/2018,12 - 13,2979,2005,4984
22/03/2018,13 - 14,2978,1998,4976
22/03/2018,14 - 15,2907,1970,4877
22/03/2018,15 - 16,2817,1927,4744
22/03/2018,16 - 17,2791,1963,4754
22/03/2018,17 - 18,2912,2082,4994
22/03/2018,18 - 19,2909,2104,5013
22/03/2018,19 - 20,2857,2038,4895
22/03/2018,20 - 21,2708,1929,4637
22/03/2018,21 - 22,2539,1789,4328
22/03/2018,22 - 23,2361,1630,3991
22/03/2018,23 - 00,2175,1499,3674
23/03/2018,00 - 01,2065,1393,3458
23/03/2018,01 - 02,2019,1352,3371
23/03/2018,02 - 03,1998,1328,3326
23/03/2018,03 - 04,1983,1333,3316
23/03/2018,04 - 05,2031,1358,3389
23/03/2018,05 - 06,2208,1473,3681
23/03/2018,06 - 07,2558,1712,4270
23/03/2018,07 - 08,2898,1917,4815
23/03/2018,08 - 09,3005,2031,5036
23/03/2018,09 - 10,3002,2067,5069
23/03/2018,10 - 11,3044,2071,5115
23/03/2018,11 - 12,2992,2060,5052
23/03/2018,12 - 13,2863,2033,4896
23/03/2018,13 - 14,2779,2004,4783
23/03/2018,14 - 15,2662,1959,4621
23/03/2018,15 - 16,2574,1924,4498
23/03/2018,16 - 17,2610,1941,4551
23/03/2018,17 - 18,2789,2034,4823
23/03/2018,18 - 19,2794,2042,4836
23/03/2018,19 - 20,2694,1989,4683
23/03/2018,20 - 21,2509,1839,4348
23/03/2018,21 - 22,2344,1709,4053
23/03/2018,22 - 23,2192,1586,3778
23/03/2018,23 - 00,2033,1467,3500
24/03/2018,00 - 01,1929,1363,3292
24/03/2018,01 - 02,1866,1300,3166
24/03/2018,02 - 03,1865,1270,3135
24/03/2018,03 - 04,1873,1272,3145
24/03/2018,04 - 05,1902,1268,3170
24/03/2018,05 - 06,1950,1299,3249
24/03/2018,06 - 07,2025,1357,3382
24/03/2018,07 - 08,2177,1474,3651
24/03/2018,08 - 09,2349,1619,3968
24/03/2018,09 - 10,2425,1727,4152
24/03/2018,10 - 11,2466,1795,4261
24/03/2018,11 - 12,2450,1802,4252
24/03/2018,12 - 13,2405,1780,4185
24/03/2018,13 - 14,2360,1759,4119
24/03/2018,14 - 15,2304,1729,4033
24/03/2018,15 - 16,2278,1720,3998
24/03/2018,16 - 17,2342,1745,4087
24/03/2018,17 - 18,2535,1843,4378
24/03/2018,18 - 19,2573,1918,4491
24/03/2018,19 - 20,2482,1883,4365
24/03/2018,20 - 21,2316,1730,4046
24/03/2018,21 - 22,2176,1618,3794
24/03/2018,22 - 23,2035,1507,3542
24/03/2018,23 - 00,1947,1414,3361
25/03/2018,00 - 01,1886,1318,3204
25/03/2018,01 - 02,1833,1260,3093
25/03/2018,02 - 03,,,
25/03/2018,03 - 04,1810,1206,3016
25/03/2018,04 - 05,1812,1218,3030
25/03/2018,05 - 06,1848,1250,3098
25/03/2018,06 - 07,1954,1295,3249
25/03/2018,07 - 08,2023,1346,3369
25/03/2018,08 - 09,2166,1474,3640
25/03/2018,09 - 10,2300,1597,3897
25/03/2018,10 - 11,2359,1671,4030
25/03/2018,11 - 12,2356,1690,4046
25/03/2018,12 - 13,2309,1674,3983
25/03/2018,13 - 14,2275,1655,3930
25/03/2018,14 - 15,2257,1637,3894
25/03/2018,15 - 16,2239,1621,3860
25/03/2018,16 - 17,2264,1645,3909
25/03/2018,17 - 18,2438,1749,4187
25/03/2018,18 - 19,2467,1781,4248
25/03/2018,19 - 20,2388,1777,4165
25/03/2018,20 - 21,2362,1719,4081
25/03/2018,21 - 22,2250,1614,3864
25/03/2018,22 - 23,2133,1483,3616
25/03/2018,23 - 00,1998,1366,3364
26/03/2018,00 - 01,1916,1267,3183
26/03/2018,01 - 02,1864,1206,3070
26/03/2018,02 - 03,1867,1193,3060
26/03/2018,03 - 04,1889,1199,3088
26/03/2018,04 - 05,1930,1223,3153
26/03/2018,05 - 06,2063,1296,3359
26/03/2018,06 - 07,2383,1507,3890
26/03/2018,07 - 08,2706,1704,4410
26/03/2018,08 - 09,2894,1843,4737
26/03/2018,09 - 10,2904,1921,4825
26/03/2018,10 - 11,2933,1951,4884
26/03/2018,11 - 12,2871,1936,4807
26/03/2018,12 - 13,2804,1910,4714
26/03/2018,13 - 14,2822,1901,4723
26/03/2018,14 - 15,2754,1862,4616
26/03/2018,15 - 16,2622,1826,4448
26/03/2018,16 - 17,2564,1821,4385
26/03/2018,17 - 18,2740,1907,4647
26/03/2018,18 - 19,2736,1913,4649
26/03/2018,19 - 20,2656,1852,4508
26/03/2018,20 - 21,2623,1800,4423
26/03/2018,21 - 22,2496,1697,4193
26/03/2018,22 - 23,2333,1556,3889
26/03/2018,23 - 00,2145,1429,3574
27/03/2018,00 - 01,2017,1334,3351
27/03/2018,01 - 02,1964,1289,3253
27/03/2018,02 - 03,1945,1265,3210
27/03/2018,03 - 04,1972,1273,3245
27/03/2018,04 - 05,2013,1296,3309
27/03/2018,05 - 06,2135,1370,3505
27/03/2018,06 - 07,2411,1537,3948
27/03/2018,07 - 08,2691,1715,4406
27/03/2018,08 - 09,2854,1837,4691
27/03/2018,09 - 10,2923,1941,4864
27/03/2018,10 - 11,2949,1986,4935
27/03/2018,11 - 12,2961,2020,4981
27/03/2018,12 - 13,2883,1994,4877
27/03/2018,13 - 14,2908,1976,4884
27/03/2018,14 - 15,2874,1941,4815
27/03/2018,15 - 16,2775,1911,4686
27/03/2018,16 - 17,2748,1914,4662
27/03/2018,17 - 18,2846,1988,4834
27/03/2018,18 - 19,2813,1989,4802
27/03/2018,19 - 20,2714,1928,4642
27/03/2018,20 - 21,2663,1863,4526
27/03/2018,21 - 22,2544,1738,4282
27/03/2018,22 - 23,2410,1590,4000
27/03/2018,23 - 00,2249,1445,3694
28/03/2018,00 - 01,2139,1355,3494
28/03/2018,01 - 02,2050,1294,3344
28/03/2018,02 - 03,2058,1271,3329
28/03/2018,03 - 04,2087,1290,3377
28/03/2018,04 - 05,2113,1317,3430
28/03/2018,05 - 06,2242,1402,3644
28/03/2018,06 - 07,2506,1566,4072
28/03/2018,07 - 08,2817,1714,4531
28/03/2018,08 - 09,2980,1827,4807
28/03/2018,09 - 10,3055,1868,4923
28/03/2018,10 - 11,3103,1965,5068
28/03/2018,11 - 12,3081,1971,5052
28/03/2018,12 - 13,3011,1947,4958
28/03/2018,13 - 14,2992,1924,4916
28/03/2018,14 - 15,2923,1855,4778
28/03/2018,15 - 16,2823,1804,4627
28/03/2018,16 - 17,2790,1811,4601
28/03/2018,17 - 18,2873,1870,4743
28/03/2018,18 - 19,2859,1872,4731
28/03/2018,19 - 20,2788,1841,4629
28/03/2018,20 - 21,2732,1819,4551
28/03/2018,21 - 22,2627,1736,4363
28/03/2018,22 - 23,2458,1602,4060
28/03/2018,23 - 00,2320,1487,3807
29/03/2018,00 - 01,2165,1360,3525
29/03/2018,01 - 02,2082,1291,3373
29/03/2018,02 - 03,2013,1275,3288
29/03/2018,03 - 04,2029,1265,3294
29/03/2018,04 - 05,2012,1260,3272
29/03/2018,05 - 06,2059,1298,3357
29/03/2018,06 - 07,2144,1362,3506
29/03/2018,07 - 08,2235,1452,3687
29/03/2018,08 - 09,2378,1582,3960
29/03/2018,09 - 10,2483,1701,4184
29/03/2018,10 - 11,2558,1775,4333
29/03/2018,11 - 12,2535,1790,4325
29/03/2018,12 - 13,2468,1781,4249
29/03/2018,13 - 14,2396,1765,4161
29/03/2018,14 - 15,2353,1715,4068
29/03/2018,15 - 16,2323,1695,4018
29/03/2018,16 - 17,2318,1716,4034
29/03/2018,17 - 18,2473,1784,4257
29/03/2018,18 - 19,2493,1817,4310
29/03/2018,19 - 20,2417,1773,4190
29/03/2018,20 - 21,2408,1753,4161
29/03/2018,21 - 22,2292,1659,3951
29/03/2018,22 - 23,2181,1566,3747
29/03/2018,23 - 00,2031,1477,3508
30/03/2018,00 - 01,1948,1409,3357
30/03/2018,01 - 02,1902,1353,3255
30/03/2018,02 - 03,1900,1323,3223
30/03/2018,03 - 04,1913,1315,3228
30/03/2018,04 - 05,1942,1323,3265
30/03/2018,05 - 06,1991,1369,3360
30/03/2018,06 - 07,2074,1435,3509
30/03/2018,07 - 08,2158,1527,3685
30/03/2018,08 - 09,2268,1638,3906
30/03/2018,09 - 10,2318,1722,4040
30/03/2018,10 - 11,2337,1758,4095
30/03/2018,11 - 12,2292,1747,4039
30/03/2018,12 - 13,2221,1703,3924
30/03/2018,13 - 14,2154,1638,3792
30/03/2018,14 - 15,2109,1600,3709
30/03/2018,15 - 16,2037,1566,3603
30/03/2018,16 - 17,2082,1585,3667
30/03/2018,17 - 18,2235,1641,3876
30/03/2018,18 - 19,2283,1679,3962
30/03/2018,19 - 20,2245,1669,3914
30/03/2018,20 - 21,2262,1686,3948
30/03/2018,21 - 22,2188,1625,3813
30/03/2018,22 - 23,2056,1530,3586
30/03/2018,23 - 00,1948,1443,3391
31/03/2018,00 - 01,1877,1364,3241
31/03/2018,01 - 02,1817,1316,3133
31/03/2018,02 - 03,1789,1290,3079
31/03/2018,03 - 04,1782,1275,3057
31/03/2018,04 - 05,1807,1275,3082
31/03/2018,05 - 06,1865,1304,3169
31/03/2018,06 - 07,1954,1357,3311
31/03/2018,07 - 08,2114,1434,3548
31/03/2018,08 - 09,2289,1563,3852
31/03/2018,09 - 10,2362,1670,4032
31/03/2018,10 - 11,2299,1702,4001
31/03/2018,11 - 12,2248,1688,3936
31/03/2018,12 - 13,2209,1672,3881
31/03/2018,13 - 14,2165,1640,3805
31/03/2018,14 - 15,2135,1615,3750
31/03/2018,15 - 16,2118,1595,3713
31/03/2018,16 - 17,2163,1616,3779
31/03/2018,17 - 18,2334,1685,4019
31/03/2018,18 - 19,2355,1724,4079
31/03/2018,19 - 20,2263,1713,3976
31/03/2018,20 - 21,2258,1682,3940
31/03/2018,21 - 22,2177,1596,3773
31/03/2018,22 - 23,2092,1505,3597
31/03/2018,23 - 00,1987,1405,3392
01/04/2018,00 - 01,1880,1304,3184
01/04/2018,01 - 02,1829,1249,3078
01/04/2018,02 - 03,1802,1213,3015
01/04/2018,03 - 04,1821,1198,3019
01/04/2018,04 - 05,1834,1196,3030
01/04/2018,05 - 06,1867,1211,3078
01/04/2018,06 - 07,1915,1237,3152
01/04/2018,07 - 08,2006,1297,3303
01/04/2018,08 - 09,2159,1433,3592
01/04/2018,09 - 10,2202,1548,3750
01/04/2018,10 - 11,2191,1630,3821
01/04/2018,11 - 12,2181,1657,3838
01/04/2018,12 - 13,2127,1629,3756
01/04/2018,13 - 14,2057,1555,3612
01/04/2018,14 - 15,2015,1519,3534
01/04/2018,15 - 16,2024,1502,3526
01/04/2018,16 - 17,2017,1532,3549
01/04/2018,17 - 18,2166,1615,3781
01/04/2018,18 - 19,2205,1647,3852
01/04/2018,19 - 20,2138,1640,3778
01/04/2018,20 - 21,2164,1653,3817
01/04/2018,21 - 22,2114,1591,3705
01/04/2018,22 - 23,2019,1510,3529
01/04/2018,23 - 00,1900,1439,3339
02/04/2018,00 - 01,1788,1334,3122
02/04/2018,01 - 02,1742,1276,3018
02/04/2018,02 - 03,1730,1249,2979
02/04/2018,03 - 04,1755,1249,3004
02/04/2018,04 - 05,1791,1253,3044
02/04/2018,05 - 06,1860,1289,3149
02/04/2018,06 - 07,1919,1355,3274
02/04/2018,07 - 08,2028,1446,3474
02/04/2018,08 - 09,2175,1548,3723
02/04/2018,09 - 10,2244,1605,3849
02/04/2018,10 - 11,2173,1632,3805
02/04/2018,11 - 12,2174,1607,3781
02/04/2018,12 - 13,2110,1548,3658
02/04/2018,13 - 14,2055,1492,3547
02/04/2018,14 - 15,2031,1451,3482
02/04/2018,15 - 16,2025,1434,3459
02/04/2018,16 - 17,2096,1476,3572
02/04/2018,17 - 18,2291,1623,3914
02/04/2018,18 - 19,2309,1669,3978
02/04/2018,19 - 20,2310,1660,3970
02/04/2018,20 - 21,2306,1671,3977
02/04/2018,21 - 22,2139,1582,3721
02/04/2018,22 - 23,1970,1451,3421
02/04/2018,23 - 00,1883,1338,3221
03/04/2018,00 - 01,1822,1260,3082
03/04/2018,01 - 02,1797,1202,2999
03/04/2018,02 - 03,1778,1180,2958
03/04/2018,03 - 04,1815,1176,2991
03/04/2018,04 - 05,1859,1210,3069
03/04/2018,05 - 06,2018,1282,3300
03/04/2018,06 - 07,2371,1534,3905
03/04/2018,07 - 08,2759,1786,4545
03/04/2018,08 - 09,2924,1908,4832
03/04/2018,09 - 10,2949,1956,4905
03/04/2018,10 - 11,3037,1993,5030
03/04/2018,11 - 12,3012,1984,4996
03/04/2018,12 - 13,2909,1948,4857
03/04/2018,13 - 14,2911,1925,4836
03/04/2018,14 - 15,2868,1896,4764
03/04/2018,15 - 16,2767,1865,4632
03/04/2018,16 - 17,2724,1866,4590
03/04/2018,17 - 18,2865,1965,4830
03/04/2018,18 - 19,2775,1951,4726
03/04/2018,19 - 20,2641,1865,4506
03/04/2018,20 - 21,2535,1792,4327
03/04/2018,21 - 22,2404,1661,4065
03/04/2018,22 - 23,2241,1495,3736
03/04/2018,23 - 00,2073,1354,3427
04/04/2018,00 - 01,1966,1241,3207
04/04/2018,01 - 02,1882,1184,3066
04/04/2018,02 - 03,1900,1165,3065
04/04/2018,03 - 04,1924,1154,3078
04/04/2018,04 - 05,1969,1175,3144
04/04/2018,05 - 06,2097,1276,3373
04/04/2018,06 - 07,2409,1493,3902
04/04/2018,07 - 08,2702,1700,4402
04/04/2018,08 - 09,2834,1780,4614
04/04/2018,09 - 10,2772,1778,4550
04/04/2018,10 - 11,2734,1728,4462
04/04/2018,11 - 12,2695,1609,4304
04/04/2018,12 - 13,2663,1658,4321
04/04/2018,13 - 14,2701,1674,4375
04/04/2018,14 - 15,2655,1681,4336
04/04/2018,15 - 16,2544,1685,4229
04/04/2018,16 - 17,2537,1682,4219
04/04/2018,17 - 18,2695,1785,4480
04/04/2018,18 - 19,2624,1796,4420
04/04/2018,19 - 20,2504,1733,4237
04/04/2018,20 - 21,2452,1716,4168
04/04/2018,21 - 22,2344,1580,3924
04/04/2018,22 - 23,2176,1417,3593
04/04/2018,23 - 00,2051,1279,3330
05/04/2018,00 - 01,1954,1155,3109
05/04/2018,01 - 02,1917,1089,3006
05/04/2018,02 - 03,1890,1093,2983
05/04/2018,03 - 04,1871,1095,2966
05/04/2018,04 - 05,1916,1109,3025
05/04/2018,05 - 06,2039,1222,3261
05/04/2018,06 - 07,2359,1442,3801
05/04/2018,07 - 08,2694,1677,4371
05/04/2018,08 - 09,2791,1790,4581
05/04/2018,09 - 10,2814,1841,4655
05/04/2018,10 - 11,2848,1872,4720
05/04/2018,11 - 12,2832,1852,4684
05/04/2018,12 - 13,2779,1833,4612
05/04/2018,13 - 14,2813,1810,4623
05/04/2018,14 - 15,2828,1756,4584
05/04/2018,15 - 16,2807,1690,4497
05/04/2018,16 - 17,2767,1720,4487
05/04/2018,17 - 18,2789,1831,4620
05/04/2018,18 - 19,2704,1832,4536
05/04/2018,19 - 20,2552,1732,4284
05/04/2018,20 - 21,2516,1694,4210
05/04/2018,21 - 22,2465,1588,4053
05/04/2018,22 - 23,2298,1443,3741
05/04/2018,23 - 00,2118,1320,3438
06/04/2018,00 - 01,2032,1238,3270
06/04/2018,01 - 02,1997,1189,3186
06/04/2018,02 - 03,1959,1157,3116
06/04/2018,03 - 04,1969,1161,3130
06/04/2018,04 - 05,2007,1182,3189
06/04/2018,05 - 06,2169,1293,3462
06/04/2018,06 - 07,2465,1494,3959
06/04/2018,07 - 08,2776,1720,4496
06/04/2018,08 - 09,2830,1808,4638
06/04/2018,09 - 10,2799,1801,4600
06/04/2018,10 - 11,2803,1809,4612
06/04/2018,11 - 12,2778,1774,4552
06/04/2018,12 - 13,2698,1733,4431
06/04/2018,13 - 14,2582,1708,4290
06/04/2018,14 - 15,2439,1671,4110
06/04/2018,15 - 16,2339,1625,3964
06/04/2018,16 - 17,2323,1638,3961
06/04/2018,17 - 18,2469,1722,4191
06/04/2018,18 - 19,2457,1745,4202
06/04/2018,19 - 20,2311,1678,3989
06/04/2018,20 - 21,2253,1655,3908
06/04/2018,21 - 22,2177,1576,3753
06/04/2018,22 - 23,2071,1485,3556
06/04/2018,23 - 00,1948,1370,3318
07/04/2018,00 - 01,1815,1267,3082
07/04/2018,01 - 02,1748,1188,2936
07/04/2018,02 - 03,1724,1147,2871
07/04/2018,03 - 04,1704,1145,2849
07/04/2018,04 - 05,1749,1151,2900
07/04/2018,05 - 06,1808,1174,2982
07/04/2018,06 - 07,1947,1212,3159
07/04/2018,07 - 08,2047,1321,3368
07/04/2018,08 - 09,2246,1488,3734
07/04/2018,09 - 10,2321,1574,3895
07/04/2018,10 - 11,2322,1591,3913
07/04/2018,11 - 12,2276,1559,3835
07/04/2018,12 - 13,2245,1539,3784
07/04/2018,13 - 14,2139,1514,3653
07/04/2018,14 - 15,2097,1483,3580
07/04/2018,15 - 16,2072,1471,3543
07/04/2018,16 - 17,2125,1503,3628
07/04/2018,17 - 18,2266,1614,3880
07/04/2018,18 - 19,2261,1647,3908
07/04/2018,19 - 20,2108,1576,3684
07/04/2018,20 - 21,2069,1557,3626
07/04/2018,21 - 22,2038,1489,3527
07/04/2018,22 - 23,1922,1386,3308
07/04/2018,23 - 00,1820,1291,3111
08/04/2018,00 - 01,1750,1205,2955
08/04/2018,01 - 02,1700,1141,2841
08/04/2018,02 - 03,1653,1113,2766
08/04/2018,03 - 04,1642,1098,2740
08/04/2018,04 - 05,1658,1104,2762
08/04/2018,05 - 06,1706,1134,2840
08/04/2018,06 - 07,1771,1162,2933
08/04/2018,07 - 08,1891,1266,3157
08/04/2018,08 - 09,2015,1390,3405
08/04/2018,09 - 10,2084,1480,3564
08/04/2018,10 - 11,2117,1518,3635
08/04/2018,11 - 12,2090,1519,3609
08/04/2018,12 - 13,2032,1487,3519
08/04/2018,13 - 14,2001,1453,3454
08/04/2018,14 - 15,1977,1418,3395
08/04/2018,15 - 16,1970,1395,3365
08/04/2018,16 - 17,2012,1422,3434
08/04/2018,17 - 18,2190,1533,3723
08/04/2018,18 - 19,2219,1568,3787
08/04/2018,19 - 20,2155,1524,3679
08/04/2018,20 - 21,2162,1522,3684
08/04/2018,21 - 22,2080,1448,3528
08/04/2018,22 - 23,1926,1305,3231
08/04/2018,23 - 00,1809,1184,2993
09/04/2018,00 - 01,1761,1125,2886
09/04/2018,01 - 02,1731,1077,2808
09/04/2018,02 - 03,1701,1056,2757
09/04/2018,03 - 04,1712,1059,2771
09/04/2018,04 - 05,1745,1089,2834
09/04/2018,05 - 06,1906,1196,3102
09/04/2018,06 - 07,2268,1385,3653
09/04/2018,07 - 08,2648,1590,4238
09/04/2018,08 - 09,2760,1703,4463
09/04/2018,09 - 10,2765,1750,4515
09/04/2018,10 - 11,2796,1797,4593
09/04/2018,11 - 12,2766,1744,4510
09/04/2018,12 - 13,2685,1710,4395
09/04/2018,13 - 14,2686,1694,4380
09/04/2018,14 - 15,2609,1691,4300
09/04/2018,15 - 16,2480,1650,4130
09/04/2018,16 - 17,2462,1640,4102
09/04/2018,17 - 18,2647,1739,4386
09/04/2018,18 - 19,2592,1713,4305
09/04/2018,19 - 20,2476,1646,4122
09/04/2018,20 - 21,2404,1630,4034
09/04/2018,21 - 22,2276,1541,3817
09/04/2018,22 - 23,2114,1395,3509
09/04/2018,23 - 00,1936,1265,3201
10/04/2018,00 - 01,1835,1176,3011
10/04/2018,01 - 02,1853,1133,2986
10/04/2018,02 - 03,1806,1107,2913
10/04/2018,03 - 04,1829,1108,2937
10/04/2018,04 - 05,1875,1142,3017
10/04/2018,05 - 06,2009,1235,3244
10/04/2018,06 - 07,2392,1453,3845
10/04/2018,07 - 08,2736,1668,4404
10/04/2018,08 - 09,2375,1597,3972
10/04/2018,09 - 10,2428,1760,4188
10/04/2018,10 - 11,2473,1764,4237
10/04/2018,11 - 12,2502,1753,4255
10/04/2018,12 - 13,2478,1728,4206
10/04/2018,13 - 14,2537,1704,4241
10/04/2018,14 - 15,2308,1670,3978
10/04/2018,15 - 16,2173,1628,3801
10/04/2018,16 - 17,2425,1645,4070
10/04/2018,17 - 18,2762,1745,4507
10/04/2018,18 - 19,2699,1714,4413
10/04/2018,19 - 20,2523,1631,4154
10/04/2018,20 - 21,2504,1619,4123
10/04/2018,21 - 22,2485,1545,4030
10/04/2018,22 - 23,2253,1408,3661
10/04/2018,23 - 00,2045,1287,3332
11/04/2018,00 - 01,1927,1194,3121
11/04/2018,01 - 02,1901,1165,3066
11/04/2018,02 - 03,1912,1141,3053
11/04/2018,03 - 04,1911,1145,3056
11/04/2018,04 - 05,1930,1190,3120
11/04/2018,05 - 06,2054,1311,3365
11/04/2018,06 - 07,2409,1517,3926
11/04/2018,07 - 08,2723,1734,4457
11/04/2018,08 - 09,2818,1789,4607
11/04/2018,09 - 10,2815,1799,4614
11/04/2018,10 - 11,2813,1814,4627
11/04/2018,11 - 12,2803,1786,4589
11/04/2018,12 - 13,2718,1746,4464
11/04/2018,13 - 14,2776,1735,4511
11/04/2018,14 - 15,2723,1676,4399
11/04/2018,15 - 16,2612,1637,4249
11/04/2018,16 - 17,2572,1624,4196
11/04/2018,17 - 18,2640,1711,4351
11/04/2018,18 - 19,2576,1708,4284
11/04/2018,19 - 20,2429,1625,4054
11/04/2018,20 - 21,2358,1618,3976
11/04/2018,21 - 22,2306,1562,3868
11/04/2018,22 - 23,2155,1401,3556
11/04/2018,23 - 00,1968,1264,3232
12/04/2018,00 - 01,1873,1170,3043
12/04/2018,01 - 02,1840,1127,2967
12/04/2018,02 - 03,1824,1109,2933
12/04/2018,03 - 04,1838,1123,2961
12/04/2018,04 - 05,1897,1150,3047
12/04/2018,05 - 06,2061,1246,3307
12/04/2018,06 - 07,2372,1467,3839
12/04/2018,07 - 08,2748,1688,4436
12/04/2018,08 - 09,2807,1765,4572
12/04/2018,09 - 10,2789,1769,4558
12/04/2018,10 - 11,2824,1716,4540
12/04/2018,11 - 12,2812,1694,4506
12/04/2018,12 - 13,2738,1661,4399
12/04/2018,13 - 14,2780,1647,4427
12/04/2018,14 - 15,2672,1636,4308
12/04/2018,15 - 16,2515,1594,4109
12/04/2018,16 - 17,2474,1593,4067
12/04/2018,17 - 18,2597,1683,4280
12/04/2018,18 - 19,2566,1667,4233
12/04/2018,19 - 20,2454,1610,4064
12/04/2018,20 - 21,2445,1573,4018
12/04/2018,21 - 22,2330,1482,3812
12/04/2018,22 - 23,2156,1338,3494
12/04/2018,23 - 00,2021,1209,3230
13/04/2018,00 - 01,1920,1122,3042
13/04/2018,01 - 02,1883,1070,2953
13/04/2018,02 - 03,1837,1047,2884
13/04/2018,03 - 04,1814,1050,2864
13/04/2018,04 - 05,1862,1087,2949
13/04/2018,05 - 06,2023,1182,3205
13/04/2018,06 - 07,2324,1369,3693
13/04/2018,07 - 08,2647,1595,4242
13/04/2018,08 - 09,2744,1688,4432
13/04/2018,09 - 10,2738,1724,4462
13/04/2018,10 - 11,2739,1716,4455
13/04/2018,11 - 12,2719,1694,4413
13/04/2018,12 - 13,2578,1659,4237
13/04/2018,13 - 14,2512,1634,4146
13/04/2018,14 - 15,2381,1580,3961
13/04/2018,15 - 16,2304,1540,3844
13/04/2018,16 - 17,2292,1534,3826
13/04/2018,17 - 18,2419,1624,4043
13/04/2018,18 - 19,2399,1598,3997
13/04/2018,19 - 20,2246,1521,3767
13/04/2018,20 - 21,2188,1490,3678
13/04/2018,21 - 22,2128,1424,3552
13/04/2018,22 - 23,1989,1298,3287
13/04/2018,23 - 00,1871,1211,3082
14/04/2018,00 - 01,1762,1161,2923
14/04/2018,01 - 02,1691,1103,2794
14/04/2018,02 - 03,1690,1059,2749
14/04/2018,03 - 04,1681,1025,2706
14/04/2018,04 - 05,1689,1039,2728
14/04/2018,05 - 06,1731,1084,2815
14/04/2018,06 - 07,1800,1110,2910
14/04/2018,07 - 08,1985,1256,3241
14/04/2018,08 - 09,2108,1400,3508
14/04/2018,09 - 10,2178,1503,3681
14/04/2018,10 - 11,2216,1549,3765
14/04/2018,11 - 12,2181,1542,3723
14/04/2018,12 - 13,2120,1524,3644
14/04/2018,13 - 14,2119,1514,3633
14/04/2018,14 - 15,2116,1505,3621
14/04/2018,15 - 16,2083,1494,3577
14/04/2018,16 - 17,2114,1553,3667
14/04/2018,17 - 18,2289,1667,3956
14/04/2018,18 - 19,2277,1663,3940
14/04/2018,19 - 20,2141,1596,3737
14/04/2018,20 - 21,2061,1543,3604
14/04/2018,21 - 22,1998,1461,3459
14/04/2018,22 - 23,1875,1382,3257
14/04/2018,23 - 00,1748,1274,3022
15/04/2018,00 - 01,1643,1179,2822
15/04/2018,01 - 02,1588,1126,2714
15/04/2018,02 - 03,1576,1097,2673
15/04/2018,03 - 04,1575,1087,2662
15/04/2018,04 - 05,1589,1085,2674
15/04/2018,05 - 06,1640,1123,2763
15/04/2018,06 - 07,1726,1151,2877
15/04/2018,07 - 08,1873,1271,3144
15/04/2018,08 - 09,2031,1423,3454
15/04/2018,09 - 10,2126,1535,3661
15/04/2018,10 - 11,2136,1590,3726
15/04/2018,11 - 12,2126,1608,3734
15/04/2018,12 - 13,2099,1595,3694
15/04/2018,13 - 14,2100,1589,3689
15/04/2018,14 - 15,2088,1572,3660
15/04/2018,15 - 16,2091,1561,3652
15/04/2018,16 - 17,2137,1596,3733
15/04/2018,17 - 18,2333,1702,4035
15/04/2018,18 - 19,2326,1703,4029
15/04/2018,19 - 20,2215,1621,3836
15/04/2018,20 - 21,2155,1595,3750
15/04/2018,21 - 22,2066,1516,3582
15/04/2018,22 - 23,1925,1377,3302
15/04/2018,23 - 00,1809,1262,3071
16/04/2018,00 - 01,1763,1202,2965
16/04/2018,01 - 02,1736,1152,2888
16/04/2018,02 - 03,1723,1124,2847
16/04/2018,03 - 04,1733,1121,2854
16/04/2018,04 - 05,1779,1147,2926
16/04/2018,05 - 06,1940,1243,3183
16/04/2018,06 - 07,2281,1440,3721
16/04/2018,07 - 08,2643,1659,4302
16/04/2018,08 - 09,2799,1776,4575
16/04/2018,09 - 10,2791,1819,4610
16/04/2018,10 - 11,2798,1824,4622
16/04/2018,11 - 12,2783,1809,4592
16/04/2018,12 - 13,2699,1801,4500
16/04/2018,13 - 14,2735,1774,4509
16/04/2018,14 - 15,2666,1722,4388
16/04/2018,15 - 16,2570,1701,4271
16/04/2018,16 - 17,2532,1701,4233
16/04/2018,17 - 18,2710,1794,4504
16/04/2018,18 - 19,2622,1765,4387
16/04/2018,19 - 20,2494,1665,4159
16/04/2018,20 - 21,2414,1622,4036
16/04/2018,21 - 22,2321,1557,3878
16/04/2018,22 - 23,2131,1411,3542
16/04/2018,23 - 00,1944,1265,3209
17/04/2018,00 - 01,1828,1163,2991
17/04/2018,01 - 02,1755,1119,2874
17/04/2018,02 - 03,1757,1094,2851
17/04/2018,03 - 04,1785,1097,2882
17/04/2018,04 - 05,1850,1122,2972
17/04/2018,05 - 06,2001,1216,3217
17/04/2018,06 - 07,2316,1424,3740
17/04/2018,07 - 08,2671,1672,4343
17/04/2018,08 - 09,2795,1787,4582
17/04/2018,09 - 10,2735,1817,4552
17/04/2018,10 - 11,2740,1850,4590
17/04/2018,11 - 12,2704,1831,4535
17/04/2018,12 - 13,2642,1795,4437
17/04/2018,13 - 14,2661,1767,4428
17/04/2018,14 - 15,2610,1715,4325
17/04/2018,15 - 16,2531,1667,4198
17/04/2018,16 - 17,2501,1656,4157
17/04/2018,17 - 18,2641,1748,4389
17/04/2018,18 - 19,2564,1785,4349
17/04/2018,19 - 20,2437,1645,4082
17/04/2018,20 - 21,2386,1586,3972
17/04/2018,21 - 22,2308,1532,3840
17/04/2018,22 - 23,2099,1371,3470
17/04/2018,23 - 00,1927,1224,3151
18/04/2018,00 - 01,1803,1134,2937
18/04/2018,01 - 02,1758,1079,2837
18/04/2018,02 - 03,1722,1045,2767
18/04/2018,03 - 04,1736,1049,2785
18/04/2018,04 - 05,1806,1074,2880
18/04/2018,05 - 06,1949,1167,3116
18/04/2018,06 - 07,2264,1394,3658
18/04/2018,07 - 08,2541,1607,4148
18/04/2018,08 - 09,2685,1706,4391
18/04/2018,09 - 10,2674,1725,4399
18/04/2018,10 - 11,2731,1751,4482
18/04/2018,11 - 12,2718,1722,4440
18/04/2018,12 - 13,2640,1699,4339
18/04/2018,13 - 14,2633,1672,4305
18/04/2018,14 - 15,2572,1627,4199
18/04/2018,15 - 16,2450,1587,4037
18/04/2018,16 - 17,2408,1581,3989
18/04/2018,17 - 18,2543,1644,4187
18/04/2018,18 - 19,2492,1628,4120
18/04/2018,19 - 20,2386,1546,3932
18/04/2018,20 - 21,2295,1503,3798
18/04/2018,21 - 22,2280,1483,3763
18/04/2018,22 - 23,2118,1352,3470
18/04/2018,23 - 00,1917,1198,3115
19/04/2018,00 - 01,1798,1122,2920
19/04/2018,01 - 02,1767,1070,2837
19/04/2018,02 - 03,1755,1049,2804
19/04/2018,03 - 04,1757,1050,2807
19/04/2018,04 - 05,1826,1078,2904
19/04/2018,05 - 06,1968,1166,3134
19/04/2018,06 - 07,2260,1359,3619
19/04/2018,07 - 08,2578,1578,4156
19/04/2018,08 - 09,2686,1695,4381
19/04/2018,09 - 10,2698,1742,4440
19/04/2018,10 - 11,2740,1746,4486
19/04/2018,11 - 12,2709,1713,4422
19/04/2018,12 - 13,2622,1701,4323
19/04/2018,13 - 14,2645,1696,4341
19/04/2018,14 - 15,2597,1663,4260
19/04/2018,15 - 16,2466,1635,4101
19/04/2018,16 - 17,2418,1612,4030
19/04/2018,17 - 18,2488,1662,4150
19/04/2018,18 - 19,2436,1653,4089
19/04/2018,19 - 20,2355,1608,3963
19/04/2018,20 - 21,2279,1553,3832
19/04/2018,21 - 22,2227,1508,3735
19/04/2018,22 - 23,2047,1345,3392
19/04/2018,23 - 00,1870,1228,3098
20/04/2018,00 - 01,1750,1130,2880
20/04/2018,01 - 02,1691,1066,2757
20/04/2018,02 - 03,1677,1043,2720
20/04/2018,03 - 04,1683,1039,2722
20/04/2018,04 - 05,1715,1069,2784
20/04/2018,05 - 06,1851,1137,2988
20/04/2018,06 - 07,2157,1334,3491
20/04/2018,07 - 08,2484,1563,4047
20/04/2018,08 - 09,2621,1681,4302
20/04/2018,09 - 10,2593,1687,4280
20/04/2018,10 - 11,2629,1666,4295
20/04/2018,11 - 12,2601,1651,4252
20/04/2018,12 - 13,2512,1631,4143
20/04/2018,13 - 14,2448,1616,4064
20/04/2018,14 - 15,2321,1585,3906
20/04/2018,15 - 16,2194,1564,3758
20/04/2018,16 - 17,2148,1552,3700
20/04/2018,17 - 18,2242,1553,3795
20/04/2018,18 - 19,2187,1548,3735
20/04/2018,19 - 20,2060,1475,3535
20/04/2018,20 - 21,2031,1426,3457
20/04/2018,21 - 22,2021,1418,3439
20/04/2018,22 - 23,1873,1318,3191
20/04/2018,23 - 00,1736,1212,2948
21/04/2018,00 - 01,1614,1103,2717
21/04/2018,01 - 02,1553,1036,2589
21/04/2018,02 - 03,1548,1019,2567
21/04/2018,03 - 04,1540,993,2533
21/04/2018,04 - 05,1566,984,2550
21/04/2018,05 - 06,1614,998,2612
21/04/2018,06 - 07,1687,1037,2724
21/04/2018,07 - 08,1832,1162,2994
21/04/2018,08 - 09,1978,1311,3289
21/04/2018,09 - 10,2069,1457,3526
21/04/2018,10 - 11,2086,1473,3559
21/04/2018,11 - 12,2063,1462,3525
21/04/2018,12 - 13,2009,1439,3448
21/04/2018,13 - 14,1958,1413,3371
21/04/2018,14 - 15,1918,1393,3311
21/04/2018,15 - 16,1891,1371,3262
21/04/2018,16 - 17,1929,1386,3315
21/04/2018,17 - 18,2055,1479,3534
21/04/2018,18 - 19,2058,1495,3553
21/04/2018,19 - 20,1972,1451,3423
21/04/2018,20 - 21,1891,1399,3290
21/04/2018,21 - 22,1925,1414,3339
21/04/2018,22 - 23,1811,1307,3118
21/04/2018,23 - 00,1676,1224,2900
22/04/2018,00 - 01,1576,1156,2732
22/04/2018,01 - 02,1535,1094,2629
22/04/2018,02 - 03,1535,1069,2604
22/04/2018,03 - 04,1521,1056,2577
22/04/2018,04 - 05,1528,1067,2595
22/04/2018,05 - 06,1562,1080,2642
22/04/2018,06 - 07,1622,1121,2743
22/04/2018,07 - 08,1771,1231,3002
22/04/2018,08 - 09,1929,1372,3301
22/04/2018,09 - 10,2007,1463,3470
22/04/2018,10 - 11,2019,1498,3517
22/04/2018,11 - 12,2002,1500,3502
22/04/2018,12 - 13,1965,1476,3441
22/04/2018,13 - 14,1926,1441,3367
22/04/2018,14 - 15,1903,1420,3323
22/04/2018,15 - 16,1894,1425,3319
22/04/2018,16 - 17,1945,1450,3395
22/04/2018,17 - 18,2140,1555,3695
22/04/2018,18 - 19,2144,1569,3713
22/04/2018,19 - 20,2047,1512,3559
22/04/2018,20 - 21,1978,1496,3474
22/04/2018,21 - 22,1970,1470,3440
22/04/2018,22 - 23,1856,1348,3204
22/04/2018,23 - 00,1742,1229,2971
23/04/2018,00 - 01,1687,1128,2815
23/04/2018,01 - 02,1657,1047,2704
23/04/2018,02 - 03,1656,1022,2678
23/04/2018,03 - 04,1674,1063,2737
23/04/2018,04 - 05,1721,1083,2804
23/04/2018,05 - 06,1858,1182,3040
23/04/2018,06 - 07,2162,1373,3535
23/04/2018,07 - 08,2510,1603,4113
23/04/2018,08 - 09,2613,1676,4289
23/04/2018,09 - 10,2595,1707,4302
23/04/2018,10 - 11,2591,1734,4325
23/04/2018,11 - 12,2600,1735,4335
23/04/2018,12 - 13,2548,1668,4216
23/04/2018,13 - 14,2589,1625,4214
23/04/2018,14 - 15,2532,1623,4155
23/04/2018,15 - 16,2448,1601,4049
23/04/2018,16 - 17,2443,1626,4069
23/04/2018,17 - 18,2574,1685,4259
23/04/2018,18 - 19,2496,1635,4131
23/04/2018,19 - 20,2354,1539,3893
23/04/2018,20 - 21,2295,1506,3801
23/04/2018,21 - 22,2267,1464,3731
23/04/2018,22 - 23,2095,1306,3401
23/04/2018,23 - 00,1899,1193,3092
24/04/2018,00 - 01,1774,1079,2853
24/04/2018,01 - 02,1737,1050,2787
24/04/2018,02 - 03,1728,1043,2771
24/04/2018,03 - 04,1767,1062,2829
24/04/2018,04 - 05,1789,1093,2882
24/04/2018,05 - 06,1957,1179,3136
24/04/2018,06 - 07,2243,1393,3636
24/04/2018,07 - 08,2598,1628,4226
24/04/2018,08 - 09,2747,1736,4483
24/04/2018,09 - 10,2737,1764,4501
24/04/2018,10 - 11,2789,1784,4573
24/04/2018,11 - 12,2742,1824,4566
24/04/2018,12 - 13,2608,1821,4429
24/04/2018,13 - 14,2582,1741,4323
24/04/2018,14 - 15,2519,1720,4239
24/04/2018,15 - 16,2383,1689,4072
24/04/2018,16 - 17,2330,1682,4012
24/04/2018,17 - 18,2456,1746,4202
24/04/2018,18 - 19,2403,1706,4109
24/04/2018,19 - 20,2309,1610,3919
24/04/2018,20 - 21,2259,1528,3787
24/04/2018,21 - 22,2278,1483,3761
24/04/2018,22 - 23,2125,1341,3466
24/04/2018,23 - 00,1934,1188,3122
25/04/2018,00 - 01,1791,1099,2890
25/04/2018,01 - 02,1764,1055,2819
25/04/2018,02 - 03,1773,1045,2818
25/04/2018,03 - 04,1797,1065,2862
25/04/2018,04 - 05,1849,1099,2948
25/04/2018,05 - 06,1993,1192,3185
25/04/2018,06 - 07,2315,1398,3713
25/04/2018,07 - 08,2678,1653,4331
25/04/2018,08 - 09,2809,1789,4598
25/04/2018,09 - 10,2797,1850,4647
25/04/2018,10 - 11,2766,1860,4626
25/04/2018,11 - 12,2725,1842,4567
25/04/2018,12 - 13,2626,1808,4434
25/04/2018,13 - 14,2629,1778,4407
25/04/2018,14 - 15,2550,1728,4278
25/04/2018,15 - 16,2439,1668,4107
25/04/2018,16 - 17,2446,1629,4075
25/04/2018,17 - 18,2575,1737,4312
25/04/2018,18 - 19,2486,1694,4180
25/04/2018,19 - 20,2351,1560,3911
25/04/2018,20 - 21,2308,1498,3806
25/04/2018,21 - 22,2280,1480,3760
25/04/2018,22 - 23,2103,1358,3461
25/04/2018,23 - 00,1945,1215,3160
26/04/2018,00 - 01,1804,1122,2926
26/04/2018,01 - 02,1760,1067,2827
26/04/2018,02 - 03,1750,1049,2799
26/04/2018,03 - 04,1781,1058,2839
26/04/2018,04 - 05,1836,1073,2909
26/04/2018,05 - 06,1948,1152,3100
26/04/2018,06 - 07,2233,1363,3596
26/04/2018,07 - 08,2561,1583,4144
26/04/2018,08 - 09,2649,1686,4335
26/04/2018,09 - 10,2645,1732,4377
26/04/2018,10 - 11,2649,1759,4408
26/04/2018,11 - 12,2596,1769,4365
26/04/2018,12 - 13,2515,1753,4268
26/04/2018,13 - 14,2482,1722,4204
26/04/2018,14 - 15,2404,1717,4121
26/04/2018,15 - 16,2290,1730,4020
26/04/2018,16 - 17,2304,1720,4024
26/04/2018,17 - 18,2377,1728,4105
26/04/2018,18 - 19,2394,1684,4078
26/04/2018,19 - 20,2254,1627,3881
26/04/2018,20 - 21,2177,1561,3738
26/04/2018,21 - 22,2171,1524,3695
26/04/2018,22 - 23,1991,1375,3366
26/04/2018,23 - 00,1787,1252,3039
27/04/2018,00 - 01,1625,1163,2788
27/04/2018,01 - 02,1570,1101,2671
27/04/2018,02 - 03,1603,1066,2669
27/04/2018,03 - 04,1544,1047,2591
27/04/2018,04 - 05,1546,1065,2611
27/04/2018,05 - 06,1577,1071,2648
27/04/2018,06 - 07,1687,1135,2822
27/04/2018,07 - 08,1862,1276,3138
27/04/2018,08 - 09,1994,1402,3396
27/04/2018,09 - 10,2049,1483,3532
27/04/2018,10 - 11,2021,1515,3536
27/04/2018,11 - 12,1988,1529,3517
27/04/2018,12 - 13,1932,1518,3450
27/04/2018,13 - 14,1888,1490,3378
27/04/2018,14 - 15,1875,1461,3336
27/04/2018,15 - 16,1860,1443,3303
27/04/2018,16 - 17,1912,1455,3367
27/04/2018,17 - 18,2097,1537,3634
27/04/2018,18 - 19,2158,1547,3705
27/04/2018,19 - 20,2064,1496,3560
27/04/2018,20 - 21,2000,1444,3444
27/04/2018,21 - 22,2009,1436,3445
27/04/2018,22 - 23,1901,1354,3255
27/04/2018,23 - 00,1757,1264,3021
28/04/2018,00 - 01,1651,1176,2827
28/04/2018,01 - 02,1584,1121,2705
28/04/2018,02 - 03,1571,1089,2660
28/04/2018,03 - 04,1562,1074,2636
28/04/2018,04 - 05,1578,1078,2656
28/04/2018,05 - 06,1603,1086,2689
28/04/2018,06 - 07,1664,1119,2783
28/04/2018,07 - 08,1802,1233,3035
28/04/2018,08 - 09,1984,1367,3351
28/04/2018,09 - 10,2085,1464,3549
28/04/2018,10 - 11,2100,1492,3592
28/04/2018,11 - 12,2073,1476,3549
28/04/2018,12 - 13,2018,1439,3457
28/04/2018,13 - 14,1992,1419,3411
28/04/2018,14 - 15,1983,1389,3372
28/04/2018,15 - 16,1996,1393,3389
28/04/2018,16 - 17,2042,1426,3468
28/04/2018,17 - 18,2208,1536,3744
28/04/2018,18 - 19,2201,1568,3769
28/04/2018,19 - 20,2086,1478,3564
28/04/2018,20 - 21,2006,1408,3414
28/04/2018,21 - 22,1981,1392,3373
28/04/2018,22 - 23,1862,1306,3168
28/04/2018,23 - 00,1738,1209,2947
29/04/2018,00 - 01,1623,1123,2746
29/04/2018,01 - 02,1549,1074,2623
29/04/2018,02 - 03,1538,1034,2572
29/04/2018,03 - 04,1545,1031,2576
29/04/2018,04 - 05,1566,1041,2607
29/04/2018,05 - 06,1585,1052,2637
29/04/2018,06 - 07,1648,1091,2739
29/04/2018,07 - 08,1808,1199,3007
29/04/2018,08 - 09,1968,1336,3304
29/04/2018,09 - 10,2036,1425,3461
29/04/2018,10 - 11,2050,1478,3528
29/04/2018,11 - 12,2023,1484,3507
29/04/2018,12 - 13,1993,1465,3458
29/04/2018,13 - 14,1951,1444,3395
29/04/2018,14 - 15,1918,1416,3334
29/04/2018,15 - 16,1902,1399,3301
29/04/2018,16 - 17,1987,1418,3405
29/04/2018,17 - 18,2208,1556,3764
29/04/2018,18 - 19,2205,1606,3811
29/04/2018,19 - 20,2111,1547,3658
29/04/2018,20 - 21,2021,1468,3489
29/04/2018,21 - 22,1980,1434,3414
29/04/2018,22 - 23,1820,1312,3132
29/04/2018,23 - 00,1676,1190,2866
30/04/2018,00 - 01,1615,1099,2714
30/04/2018,01 - 02,1567,1049,2616
30/04/2018,02 - 03,1573,1029,2602
30/04/2018,03 - 04,1569,1033,2602
30/04/2018,04 - 05,1602,1067,2669
30/04/2018,05 - 06,1698,1144,2842
30/04/2018,06 - 07,2070,1342,3412
30/04/2018,07 - 08,2321,1572,3893
30/04/2018,08 - 09,2497,1660,4157
30/04/2018,09 - 10,2504,1656,4160
30/04/2018,10 - 11,2600,1651,4251
30/04/2018,11 - 12,2646,1631,4277
30/04/2018,12 - 13,2644,1603,4247
30/04/2018,13 - 14,2679,1645,4324
30/04/2018,14 - 15,2632,1632,4264
30/04/2018,15 - 16,2537,1632,4169
30/04/2018,16 - 17,2574,1629,4203
30/04/2018,17 - 18,2733,1729,4462
30/04/2018,18 - 19,2651,1747,4398
30/04/2018,19 - 20,2506,1684,4190
30/04/2018,20 - 21,2351,1589,3940
30/04/2018,21 - 22,2246,1515,3761
30/04/2018,22 - 23,2049,1374,3423
30/04/2018,23 - 00,1838,1237,3075
01/05/2018,00 - 01,1750,1137,2887
01/05/2018,01 - 02,1708,1071,2779
01/05/2018,02 - 03,1688,1036,2724
01/05/2018,03 - 04,1683,1043,2726
01/05/2018,04 - 05,1721,1074,2795
01/05/2018,05 - 06,1792,1120,2912
01/05/2018,06 - 07,2069,1266,3335
01/05/2018,07 - 08,2368,1474,3842
01/05/2018,08 - 09,2526,1574,4100
01/05/2018,09 - 10,2525,1612,4137
01/05/2018,10 - 11,2502,1635,4137
01/05/2018,11 - 12,2491,1599,4090
01/05/2018,12 - 13,2435,1597,4032
01/05/2018,13 - 14,2433,1587,4020
01/05/2018,14 - 15,2395,1572,3967
01/05/2018,15 - 16,2310,1573,3883
01/05/2018,16 - 17,2309,1623,3932
01/05/2018,17 - 18,2487,1755,4242
01/05/2018,18 - 19,2399,1726,4125
01/05/2018,19 - 20,2274,1614,3888
01/05/2018,20 - 21,2164,1525,3689
01/05/2018,21 - 22,2110,1474,3584
01/05/2018,22 - 23,1940,1328,3268
01/05/2018,23 - 00,1814,1182,2996
02/05/2018,00 - 01,1687,1082,2769
02/05/2018,01 - 02,1667,1053,2720
02/05/2018,02 - 03,1697,1030,2727
02/05/2018,03 - 04,1707,1038,2745
02/05/2018,04 - 05,1729,1085,2814
02/05/2018,05 - 06,1862,1171,3033
02/05/2018,06 - 07,2192,1404,3596
02/05/2018,07 - 08,2531,1619,4150
02/05/2018,08 - 09,2641,1720,4361
02/05/2018,09 - 10,2646,1747,4393
02/05/2018,10 - 11,2740,1764,4504
02/05/2018,11 - 12,3021,1779,4800
02/05/2018,12 - 13,2961,1745,4706
02/05/2018,13 - 14,2934,1728,4662
02/05/2018,14 - 15,2840,1663,4503
02/05/2018,15 - 16,2745,1622,4367
02/05/2018,16 - 17,2779,1638,4417
02/05/2018,17 - 18,2921,1712,4633
02/05/2018,18 - 19,2780,1678,4458
02/05/2018,19 - 20,2571,1579,4150
02/05/2018,20 - 21,2422,1484,3906
02/05/2018,21 - 22,2354,1492,3846
02/05/2018,22 - 23,2244,1399,3643
02/05/2018,23 - 00,2122,1274,3396
03/05/2018,00 - 01,2020,1191,3211
03/05/2018,01 - 02,1908,1123,3031
03/05/2018,02 - 03,1840,1087,2927
03/05/2018,03 - 04,1781,1088,2869
03/05/2018,04 - 05,1766,1109,2875
03/05/2018,05 - 06,1924,1192,3116
03/05/2018,06 - 07,2598,1414,4012
03/05/2018,07 - 08,3021,1653,4674
03/05/2018,08 - 09,3047,1759,4806
03/05/2018,09 - 10,2761,1758,4519
03/05/2018,10 - 11,2678,1739,4417
03/05/2018,11 - 12,2667,1713,4380
03/05/2018,12 - 13,2646,1695,4341
03/05/2018,13 - 14,3058,1696,4754
03/05/2018,14 - 15,2991,1685,4676
03/05/2018,15 - 16,2898,1672,4570
03/05/2018,16 - 17,2692,1657,4349
03/05/2018,17 - 18,2647,1719,4366
03/05/2018,18 - 19,2582,1682,4264
03/05/2018,19 - 20,2435,1624,4059
03/05/2018,20 - 21,2308,1533,3841
03/05/2018,21 - 22,2248,1495,3743
03/05/2018,22 - 23,2125,1391,3516
03/05/2018,23 - 00,1941,1242,3183
04/05/2018,00 - 01,1803,1147,2950
04/05/2018,01 - 02,1746,1097,2843
04/05/2018,02 - 03,1751,1081,2832
04/05/2018,03 - 04,1774,1092,2866
04/05/2018,04 - 05,1827,1129,2956
04/05/2018,05 - 06,1932,1200,3132
04/05/2018,06 - 07,2226,1398,3624
04/05/2018,07 - 08,2492,1592,4084
04/05/2018,08 - 09,2717,1716,4433
04/05/2018,09 - 10,2730,1730,4460
04/05/2018,10 - 11,2743,1729,4472
04/05/2018,11 - 12,2668,1703,4371
04/05/2018,12 - 13,2539,1700,4239
04/05/2018,13 - 14,2455,1663,4118
04/05/2018,14 - 15,2340,1608,3948
04/05/2018,15 - 16,2243,1574,3817
04/05/2018,16 - 17,2261,1573,3834
04/05/2018,17 - 18,2362,1628,3990
04/05/2018,18 - 19,2319,1625,3944
04/05/2018,19 - 20,2175,1548,3723
04/05/2018,20 - 21,2058,1458,3516
04/05/2018,21 - 22,2041,1453,3494
04/05/2018,22 - 23,1971,1376,3347
04/05/2018,23 - 00,1799,1274,3073
05/05/2018,00 - 01,1672,1170,2842
05/05/2018,01 - 02,1591,1115,2706
05/05/2018,02 - 03,1574,1085,2659
05/05/2018,03 - 04,1566,1078,2644
05/05/2018,04 - 05,1586,1079,2665
05/05/2018,05 - 06,1614,1068,2682
05/05/2018,06 - 07,1703,1122,2825
05/05/2018,07 - 08,1891,1248,3139
05/05/2018,08 - 09,2059,1388,3447
05/05/2018,09 - 10,2126,1467,3593
05/05/2018,10 - 11,2125,1503,3628
05/05/2018,11 - 12,2083,1500,3583
05/05/2018,12 - 13,2019,1473,3492
05/05/2018,13 - 14,1967,1447,3414
05/05/2018,14 - 15,1903,1411,3314
05/05/2018,15 - 16,1875,1394,3269
05/05/2018,16 - 17,1921,1396,3317
05/05/2018,17 - 18,2075,1462,3537
05/05/2018,18 - 19,2092,1482,3574
05/05/2018,19 - 20,1995,1438,3433
05/05/2018,20 - 21,1905,1381,3286
05/05/2018,21 - 22,1886,1381,3267
05/05/2018,22 - 23,1836,1307,3143
05/05/2018,23 - 00,1743,1217,2960
06/05/2018,00 - 01,1630,1126,2756
06/05/2018,01 - 02,1557,1058,2615
06/05/2018,02 - 03,1543,1027,2570
06/05/2018,03 - 04,1568,1018,2586
06/05/2018,04 - 05,1586,1018,2604
06/05/2018,05 - 06,1527,993,2520
06/05/2018,06 - 07,1600,1050,2650
06/05/2018,07 - 08,1709,1163,2872
06/05/2018,08 - 09,1896,1311,3207
06/05/2018,09 - 10,1979,1401,3380
06/05/2018,10 - 11,1991,1439,3430
06/05/2018,11 - 12,1968,1444,3412
06/05/2018,12 - 13,1943,1424,3367
06/05/2018,13 - 14,1909,1401,3310
06/05/2018,14 - 15,1893,1371,3264
06/05/2018,15 - 16,1906,1360,3266
06/05/2018,16 - 17,1977,1383,3360
06/05/2018,17 - 18,2139,1481,3620
06/05/2018,18 - 19,2154,1498,3652
06/05/2018,19 - 20,2057,1457,3514
06/05/2018,20 - 21,2000,1396,3396
06/05/2018,21 - 22,1965,1383,3348
06/05/2018,22 - 23,1913,1297,3210
06/05/2018,23 - 00,1840,1173,3013
07/05/2018,00 - 01,1755,1095,2850
07/05/2018,01 - 02,1675,1038,2713
07/05/2018,02 - 03,1644,1012,2656
07/05/2018,03 - 04,1678,1025,2703
07/05/2018,04 - 05,1714,1046,2760
07/05/2018,05 - 06,1837,1108,2945
07/05/2018,06 - 07,2156,1326,3482
07/05/2018,07 - 08,2471,1553,4024
07/05/2018,08 - 09,2618,1665,4283
07/05/2018,09 - 10,2617,1690,4307
07/05/2018,10 - 11,2666,1715,4381
07/05/2018,11 - 12,2666,1708,4374
07/05/2018,12 - 13,2631,1710,4341
07/05/2018,13 - 14,2644,1693,4337
07/05/2018,14 - 15,2606,1668,4274
07/05/2018,15 - 16,2512,1644,4156
07/05/2018,16 - 17,2463,1630,4093
07/05/2018,17 - 18,2564,1694,4258
07/05/2018,18 - 19,2535,1663,4198
07/05/2018,19 - 20,2384,1578,3962
07/05/2018,20 - 21,2285,1483,3768
07/05/2018,21 - 22,2248,1457,3705
07/05/2018,22 - 23,2114,1340,3454
07/05/2018,23 - 00,1918,1191,3109
08/05/2018,00 - 01,1806,1108,2914
08/05/2018,01 - 02,1752,1058,2810
08/05/2018,02 - 03,1724,1034,2758
08/05/2018,03 - 04,1737,1044,2781
08/05/2018,04 - 05,1767,1071,2838
08/05/2018,05 - 06,1852,1119,2971
08/05/2018,06 - 07,2144,1327,3471
08/05/2018,07 - 08,2459,1550,4009
08/05/2018,08 - 09,2607,1674,4281
08/05/2018,09 - 10,2632,1726,4358
08/05/2018,10 - 11,2687,1739,4426
08/05/2018,11 - 12,2696,1736,4432
08/05/2018,12 - 13,2629,1728,4357
08/05/2018,13 - 14,2652,1705,4357
08/05/2018,14 - 15,2720,1707,4427
08/05/2018,15 - 16,2635,1658,4293
08/05/2018,16 - 17,2614,1640,4254
08/05/2018,17 - 18,2686,1692,4378
08/05/2018,18 - 19,2646,1652,4298
08/05/2018,19 - 20,2489,1566,4055
08/05/2018,20 - 21,2339,1471,3810
08/05/2018,21 - 22,2284,1419,3703
08/05/2018,22 - 23,2199,1335,3534
08/05/2018,23 - 00,2042,1220,3262
09/05/2018,00 - 01,1916,1113,3029
09/05/2018,01 - 02,1860,1031,2891
09/05/2018,02 - 03,1812,1003,2815
09/05/2018,03 - 04,1791,1005,2796
09/05/2018,04 - 05,1851,1032,2883
09/05/2018,05 - 06,1976,1102,3078
09/05/2018,06 - 07,2264,1288,3552
09/05/2018,07 - 08,2589,1489,4078
09/05/2018,08 - 09,2741,1619,4360
09/05/2018,09 - 10,2711,1657,4368
09/05/2018,10 - 11,2721,1699,4420
09/05/2018,11 - 12,2705,1684,4389
09/05/2018,12 - 13,2673,1692,4365
09/05/2018,13 - 14,2721,1716,4437
09/05/2018,14 - 15,2701,1662,4363
09/05/2018,15 - 16,2642,1632,4274
09/05/2018,16 - 17,2585,1642,4227
09/05/2018,17 - 18,2596,1639,4235
09/05/2018,18 - 19,2530,1596,4126
09/05/2018,19 - 20,2450,1517,3967
09/05/2018,20 - 21,2319,1454,3773
09/05/2018,21 - 22,2294,1417,3711
09/05/2018,22 - 23,2116,1352,3468
09/05/2018,23 - 00,1942,1219,3161
10/05/2018,00 - 01,1876,1108,2984
10/05/2018,01 - 02,1758,1040,2798
10/05/2018,02 - 03,1710,1002,2712
10/05/2018,03 - 04,1707,1002,2709
10/05/2018,04 - 05,1704,1011,2715
10/05/2018,05 - 06,1628,1000,2628
10/05/2018,06 - 07,1691,1074,2765
10/05/2018,07 - 08,1846,1216,3062
10/05/2018,08 - 09,2057,1332,3389
10/05/2018,09 - 10,2160,1416,3576
10/05/2018,10 - 11,2186,1464,3650
10/05/2018,11 - 12,2147,1465,3612
10/05/2018,12 - 13,2057,1445,3502
10/05/2018,13 - 14,2118,1427,3545
10/05/2018,14 - 15,2098,1413,3511
10/05/2018,15 - 16,2121,1383,3504
10/05/2018,16 - 17,2119,1380,3499
10/05/2018,17 - 18,2314,1468,3782
10/05/2018,18 - 19,2432,1484,3916
10/05/2018,19 - 20,2354,1460,3814
10/05/2018,20 - 21,2087,1406,3493
10/05/2018,21 - 22,2086,1408,3494
10/05/2018,22 - 23,2013,1328,3341
10/05/2018,23 - 00,1835,1207,3042
11/05/2018,00 - 01,1691,1117,2808
11/05/2018,01 - 02,1558,1048,2606
11/05/2018,02 - 03,1541,989,2530
11/05/2018,03 - 04,1536,925,2461
11/05/2018,04 - 05,1575,899,2474
11/05/2018,05 - 06,1600,987,2587
11/05/2018,06 - 07,1703,1115,2818
11/05/2018,07 - 08,1971,1279,3250
11/05/2018,08 - 09,2139,1458,3597
11/05/2018,09 - 10,2241,1544,3785
11/05/2018,10 - 11,2272,1584,3856
11/05/2018,11 - 12,2235,1573,3808
11/05/2018,12 - 13,2186,1567,3753
11/05/2018,13 - 14,2141,1551,3692
11/05/2018,14 - 15,2091,1534,3625
11/05/2018,15 - 16,2040,1521,3561
11/05/2018,16 - 17,2055,1528,3583
11/05/2018,17 - 18,2163,1589,3752
11/05/2018,18 - 19,2166,1573,3739
11/05/2018,19 - 20,2084,1484,3568
11/05/2018,20 - 21,1994,1412,3406
11/05/2018,21 - 22,1950,1407,3357
11/05/2018,22 - 23,1875,1343,3218
11/05/2018,23 - 00,1741,1247,2988
12/05/2018,00 - 01,1602,1155,2757
12/05/2018,01 - 02,1532,1088,2620
12/05/2018,02 - 03,1517,1040,2557
12/05/2018,03 - 04,1516,1029,2545
12/05/2018,04 - 05,1524,1020,2544
12/05/2018,05 - 06,1506,1005,2511
12/05/2018,06 - 07,1586,1061,2647
12/05/2018,07 - 08,1744,1181,2925
12/05/2018,08 - 09,1912,1325,3237
12/05/2018,09 - 10,1993,1413,3406
12/05/2018,10 - 11,1997,1448,3445
12/05/2018,11 - 12,1989,1442,3431
12/05/2018,12 - 13,1960,1422,3382
12/05/2018,13 - 14,1958,1419,3377
12/05/2018,14 - 15,1922,1405,3327
12/05/2018,15 - 16,1868,1385,3253
12/05/2018,16 - 17,1926,1394,3320
12/05/2018,17 - 18,2037,1467,3504
12/05/2018,18 - 19,2055,1492,3547
12/05/2018,19 - 20,1933,1431,3364
12/05/2018,20 - 21,1896,1358,3254
12/05/2018,21 - 22,1875,1350,3225
12/05/2018,22 - 23,1789,1296,3085
12/05/2018,23 - 00,1671,1192,2863
13/05/2018,00 - 01,1591,1118,2709
13/05/2018,01 - 02,1506,1046,2552
13/05/2018,02 - 03,1489,1009,2498
13/05/2018,03 - 04,1466,992,2458
13/05/2018,04 - 05,1439,980,2419
13/05/2018,05 - 06,1460,965,2425
13/05/2018,06 - 07,1501,1015,2516
13/05/2018,07 - 08,1687,1120,2807
13/05/2018,08 - 09,1884,1257,3141
13/05/2018,09 - 10,1944,1357,3301
13/05/2018,10 - 11,1987,1421,3408
13/05/2018,11 - 12,2010,1417,3427
13/05/2018,12 - 13,2032,1413,3445
13/05/2018,13 - 14,2024,1389,3413
13/05/2018,14 - 15,2022,1372,3394
13/05/2018,15 - 16,2023,1353,3376
13/05/2018,16 - 17,2080,1382,3462
13/05/2018,17 - 18,2360,1479,3839
13/05/2018,18 - 19,2309,1470,3779
13/05/2018,19 - 20,2153,1411,3564
13/05/2018,20 - 21,2076,1351,3427
13/05/2018,21 - 22,1978,1317,3295
13/05/2018,22 - 23,1929,1255,3184
13/05/2018,23 - 00,1796,1140,2936
14/05/2018,00 - 01,1723,1062,2785
14/05/2018,01 - 02,1686,1012,2698
14/05/2018,02 - 03,1643,987,2630
14/05/2018,03 - 04,1657,992,2649
14/05/2018,04 - 05,1683,997,2680
14/05/2018,05 - 06,1787,1058,2845
14/05/2018,06 - 07,2162,1284,3446
14/05/2018,07 - 08,2493,1503,3996
14/05/2018,08 - 09,2615,1644,4259
14/05/2018,09 - 10,2552,1675,4227
14/05/2018,10 - 11,2615,1712,4327
14/05/2018,11 - 12,2671,1730,4401
14/05/2018,12 - 13,2672,1713,4385
14/05/2018,13 - 14,2756,1713,4469
14/05/2018,14 - 15,2761,1688,4449
14/05/2018,15 - 16,2710,1649,4359
14/05/2018,16 - 17,2604,1647,4251
14/05/2018,17 - 18,2620,1699,4319
14/05/2018,18 - 19,2541,1657,4198
14/05/2018,19 - 20,2394,1550,3944
14/05/2018,20 - 21,2345,1450,3795
14/05/2018,21 - 22,2300,1410,3710
14/05/2018,22 - 23,2222,1313,3535
14/05/2018,23 - 00,1988,1169,3157
15/05/2018,00 - 01,1902,1077,2979
15/05/2018,01 - 02,1807,1021,2828
15/05/2018,02 - 03,1724,994,2718
15/05/2018,03 - 04,1739,988,2727
15/05/2018,04 - 05,1781,1004,2785
15/05/2018,05 - 06,1872,1066,2938
15/05/2018,06 - 07,2192,1284,3476
15/05/2018,07 - 08,2536,1518,4054
15/05/2018,08 - 09,2687,1592,4279
15/05/2018,09 - 10,2697,1620,4317
15/05/2018,10 - 11,2758,1685,4443
15/05/2018,11 - 12,2773,1729,4502
15/05/2018,12 - 13,2699,1677,4376
15/05/2018,13 - 14,2721,1663,4384
15/05/2018,14 - 15,2684,1656,4340
15/05/2018,15 - 16,2578,1661,4239
15/05/2018,16 - 17,2526,1624,4150
15/05/2018,17 - 18,2610,1656,4266
15/05/2018,18 - 19,2555,1624,4179
15/05/2018,19 - 20,2450,1549,3999
15/05/2018,20 - 21,2336,1449,3785
15/05/2018,21 - 22,2273,1394,3667
15/05/2018,22 - 23,2202,1317,3519
15/05/2018,23 - 00,2021,1190,3211
16/05/2018,00 - 01,1881,1100,2981
16/05/2018,01 - 02,1835,1045,2880
16/05/2018,02 - 03,1796,1024,2820
16/05/2018,03 - 04,1779,1026,2805
16/05/2018,04 - 05,1841,1024,2865
16/05/2018,05 - 06,1954,1078,3032
16/05/2018,06 - 07,2241,1291,3532
16/05/2018,07 - 08,2594,1498,4092
16/05/2018,08 - 09,2679,1622,4301
16/05/2018,09 - 10,2681,1652,4333
16/05/2018,10 - 11,2758,1681,4439
16/05/2018,11 - 12,2788,1693,4481
16/05/2018,12 - 13,2762,1672,4434
16/05/2018,13 - 14,2752,1724,4476
16/05/2018,14 - 15,2720,1692,4412
16/05/2018,15 - 16,2746,1662,4408
16/05/2018,16 - 17,2891,1673,4564
16/05/2018,17 - 18,2993,1702,4695
16/05/2018,18 - 19,2907,1661,4568
16/05/2018,19 - 20,2719,1557,4276
16/05/2018,20 - 21,2575,1471,4046
16/05/2018,21 - 22,2503,1408,3911
16/05/2018,22 - 23,2376,1335,3711
16/05/2018,23 - 00,2149,1186,3335
17/05/2018,00 - 01,1981,1093,3074
17/05/2018,01 - 02,1817,1041,2858
17/05/2018,02 - 03,1796,1021,2817
17/05/2018,03 - 04,1880,1012,2892
17/05/2018,04 - 05,1908,1021,2929
17/05/2018,05 - 06,2000,1082,3082
17/05/2018,06 - 07,2285,1301,3586
17/05/2018,07 - 08,2597,1502,4099
17/05/2018,08 - 09,2714,1610,4324
17/05/2018,09 - 10,2725,1663,4388
17/05/2018,10 - 11,2814,1705,4519
17/05/2018,11 - 12,2829,1698,4527
17/05/2018,12 - 13,2743,1688,4431
17/05/2018,13 - 14,2764,1685,4449
17/05/2018,14 - 15,2707,1656,4363
17/05/2018,15 - 16,2581,1613,4194
17/05/2018,16 - 17,2519,1606,4125
17/05/2018,17 - 18,2647,1667,4314
17/05/2018,18 - 19,2695,1634,4329
17/05/2018,19 - 20,2657,1547,4204
17/05/2018,20 - 21,2506,1460,3966
17/05/2018,21 - 22,2386,1412,3798
17/05/2018,22 - 23,2237,1323,3560
17/05/2018,23 - 00,2062,1203,3265
18/05/2018,00 - 01,1973,1110,3083
18/05/2018,01 - 02,1892,1058,2950
18/05/2018,02 - 03,1820,1045,2865
18/05/2018,03 - 04,1801,1048,2849
18/05/2018,04 - 05,1831,1037,2868
18/05/2018,05 - 06,1914,1078,2992
18/05/2018,06 - 07,2236,1306,3542
18/05/2018,07 - 08,2561,1530,4091
18/05/2018,08 - 09,2712,1622,4334
18/05/2018,09 - 10,2717,1653,4370
18/05/2018,10 - 11,2775,1676,4451
18/05/2018,11 - 12,2739,1674,4413
18/05/2018,12 - 13,2649,1655,4304
18/05/2018,13 - 14,2580,1636,4216
18/05/2018,14 - 15,2431,1596,4027
18/05/2018,15 - 16,2346,1554,3900
18/05/2018,16 - 17,2345,1559,3904
18/05/2018,17 - 18,2446,1587,4033
18/05/2018,18 - 19,2403,1560,3963
18/05/2018,19 - 20,2273,1467,3740
18/05/2018,20 - 21,2095,1392,3487
18/05/2018,21 - 22,2037,1347,3384
18/05/2018,22 - 23,1973,1319,3292
18/05/2018,23 - 00,1862,1216,3078
19/05/2018,00 - 01,1764,1093,2857
19/05/2018,01 - 02,1687,1037,2724
19/05/2018,02 - 03,1648,1007,2655
19/05/2018,03 - 04,1634,994,2628
19/05/2018,04 - 05,1631,980,2611
19/05/2018,05 - 06,1631,964,2595
19/05/2018,06 - 07,1717,1027,2744
19/05/2018,07 - 08,1873,1148,3021
19/05/2018,08 - 09,2039,1286,3325
19/05/2018,09 - 10,2129,1382,3511
19/05/2018,10 - 11,2151,1419,3570
19/05/2018,11 - 12,2137,1423,3560
19/05/2018,12 - 13,2049,1438,3487
19/05/2018,13 - 14,2024,1403,3427
19/05/2018,14 - 15,2016,1369,3385
19/05/2018,15 - 16,1967,1361,3328
19/05/2018,16 - 17,1990,1360,3350
19/05/2018,17 - 18,2127,1412,3539
19/05/2018,18 - 19,2160,1426,3586
19/05/2018,19 - 20,2067,1372,3439
19/05/2018,20 - 21,1994,1314,3308
19/05/2018,21 - 22,1943,1277,3220
19/05/2018,22 - 23,1912,1246,3158
19/05/2018,23 - 00,1768,1147,2915
20/05/2018,00 - 01,1683,1063,2746
20/05/2018,01 - 02,1613,1006,2619
20/05/2018,02 - 03,1578,966,2544
20/05/2018,03 - 04,1567,960,2527
20/05/2018,04 - 05,1543,931,2474
20/05/2018,05 - 06,1512,924,2436
20/05/2018,06 - 07,1584,971,2555
20/05/2018,07 - 08,1720,1070,2790
20/05/2018,08 - 09,1899,1202,3101
20/05/2018,09 - 10,1989,1288,3277
20/05/2018,10 - 11,2020,1339,3359
20/05/2018,11 - 12,2032,1340,3372
20/05/2018,12 - 13,2038,1333,3371
20/05/2018,13 - 14,2027,1309,3336
20/05/2018,14 - 15,2031,1292,3323
20/05/2018,15 - 16,1979,1273,3252
20/05/2018,16 - 17,2048,1292,3340
20/05/2018,17 - 18,2191,1353,3544
20/05/2018,18 - 19,2218,1376,3594
20/05/2018,19 - 20,2104,1337,3441
20/05/2018,20 - 21,1984,1293,3277
20/05/2018,21 - 22,1924,1265,3189
20/05/2018,22 - 23,1887,1235,3122
20/05/2018,23 - 00,1771,1151,2922
21/05/2018,00 - 01,1706,1071,2777
21/05/2018,01 - 02,1695,1013,2708
21/05/2018,02 - 03,1629,990,2619
21/05/2018,03 - 04,1589,973,2562
21/05/2018,04 - 05,1578,954,2532
21/05/2018,05 - 06,1606,953,2559
21/05/2018,06 - 07,1724,1012,2736
21/05/2018,07 - 08,1865,1126,2991
21/05/2018,08 - 09,2049,1262,3311
21/05/2018,09 - 10,2100,1359,3459
21/05/2018,10 - 11,2134,1400,3534
21/05/2018,11 - 12,2133,1409,3542
21/05/2018,12 - 13,2151,1390,3541
21/05/2018,13 - 14,2215,1375,3590
21/05/2018,14 - 15,2227,1359,3586
21/05/2018,15 - 16,2257,1347,3604
21/05/2018,16 - 17,2294,1360,3654
21/05/2018,17 - 18,2545,1459,4004
21/05/2018,18 - 19,2566,1472,4038
21/05/2018,19 - 20,2394,1393,3787
21/05/2018,20 - 21,2211,1338,3549
21/05/2018,21 - 22,2096,1299,3395
21/05/2018,22 - 23,2032,1236,3268
21/05/2018,23 - 00,1920,1125,3045
22/05/2018,00 - 01,1836,1054,2890
22/05/2018,01 - 02,1792,988,2780
22/05/2018,02 - 03,1784,968,2752
22/05/2018,03 - 04,1790,978,2768
22/05/2018,04 - 05,1864,996,2860
22/05/2018,05 - 06,1925,1062,2987
22/05/2018,06 - 07,2171,1284,3455
22/05/2018,07 - 08,2541,1477,4018
22/05/2018,08 - 09,2719,1595,4314
22/05/2018,09 - 10,2739,1642,4381
22/05/2018,10 - 11,2811,1669,4480
22/05/2018,11 - 12,2850,1676,4526
22/05/2018,12 - 13,2787,1660,4447
22/05/2018,13 - 14,2811,1647,4458
22/05/2018,14 - 15,2770,1627,4397
22/05/2018,15 - 16,2674,1593,4267
22/05/2018,16 - 17,2621,1576,4197
22/05/2018,17 - 18,2714,1673,4387
22/05/2018,18 - 19,2658,1645,4303
22/05/2018,19 - 20,2556,1573,4129
22/05/2018,20 - 21,2466,1482,3948
22/05/2018,21 - 22,2377,1423,3800
22/05/2018,22 - 23,2294,1338,3632
22/05/2018,23 - 00,2124,1209,3333
23/05/2018,00 - 01,1987,1111,3098
23/05/2018,01 - 02,1926,1059,2985
23/05/2018,02 - 03,1891,1036,2927
23/05/2018,03 - 04,1897,1035,2932
23/05/2018,04 - 05,1922,1038,2960
23/05/2018,05 - 06,2010,1098,3108
23/05/2018,06 - 07,2283,1300,3583
23/05/2018,07 - 08,2615,1531,4146
23/05/2018,08 - 09,2768,1639,4407
23/05/2018,09 - 10,2801,1676,4477
23/05/2018,10 - 11,2858,1717,4575
23/05/2018,11 - 12,2847,1713,4560
23/05/2018,12 - 13,2785,1701,4486
23/05/2018,13 - 14,2802,1702,4504
23/05/2018,14 - 15,2742,1691,4433
23/05/2018,15 - 16,2634,1646,4280
23/05/2018,16 - 17,2581,1629,4210
23/05/2018,17 - 18,2698,1679,4377
23/05/2018,18 - 19,2645,1642,4287
23/05/2018,19 - 20,2528,1552,4080
23/05/2018,20 - 21,2423,1470,3893
23/05/2018,21 - 22,2324,1402,3726
23/05/2018,22 - 23,2261,1333,3594
23/05/2018,23 - 00,2141,1186,3327
24/05/2018,00 - 01,1998,1098,3096
24/05/2018,01 - 02,1934,1034,2968
24/05/2018,02 - 03,1888,1015,2903
24/05/2018,03 - 04,1904,1014,2918
24/05/2018,04 - 05,1924,1008,2932
24/05/2018,05 - 06,2017,1066,3083
24/05/2018,06 - 07,2333,1279,3612
24/05/2018,07 - 08,2608,1447,4055
24/05/2018,08 - 09,2774,1556,4330
24/05/2018,09 - 10,2609,1473,4082
24/05/2018,10 - 11,2932,1641,4573
24/05/2018,11 - 12,2969,1632,4601
24/05/2018,12 - 13,2947,1638,4585
24/05/2018,13 - 14,3091,1651,4742
24/05/2018,14 - 15,3131,1654,4785
24/05/2018,15 - 16,3037,1612,4649
24/05/2018,16 - 17,2997,1580,4577
24/05/2018,17 - 18,3072,1636,4708
24/05/2018,18 - 19,2948,1593,4541
24/05/2018,19 - 20,2786,1513,4299
24/05/2018,20 - 21,2616,1431,4047
24/05/2018,21 - 22,2472,1371,3843
24/05/2018,22 - 23,2393,1311,3704
24/05/2018,23 - 00,2234,1199,3433
25/05/2018,00 - 01,2064,1099,3163
25/05/2018,01 - 02,2006,1039,3045
25/05/2018,02 - 03,1985,1013,2998
25/05/2018,03 - 04,1988,1013,3001
25/05/2018,04 - 05,1984,1013,2997
25/05/2018,05 - 06,2041,1070,3111
25/05/2018,06 - 07,2250,1272,3522
25/05/2018,07 - 08,2572,1487,4059
25/05/2018,08 - 09,2787,1632,4419
25/05/2018,09 - 10,2829,1661,4490
25/05/2018,10 - 11,2846,1694,4540
25/05/2018,11 - 12,2849,1715,4564
25/05/2018,12 - 13,2781,1664,4445
25/05/2018,13 - 14,2694,1621,4315
25/05/2018,14 - 15,2535,1562,4097
25/05/2018,15 - 16,2417,1547,3964
25/05/2018,16 - 17,2387,1545,3932
25/05/2018,17 - 18,2445,1575,4020
25/05/2018,18 - 19,2425,1558,3983
25/05/2018,19 - 20,2318,1467,3785
25/05/2018,20 - 21,2219,1392,3611
25/05/2018,21 - 22,2124,1342,3466
25/05/2018,22 - 23,2058,1286,3344
25/05/2018,23 - 00,1937,1182,3119
26/05/2018,00 - 01,1824,1092,2916
26/05/2018,01 - 02,1705,1023,2728
26/05/2018,02 - 03,1649,998,2647
26/05/2018,03 - 04,1631,977,2608
26/05/2018,04 - 05,1612,956,2568
26/05/2018,05 - 06,1604,936,2540
26/05/2018,06 - 07,1717,1007,2724
26/05/2018,07 - 08,1925,1136,3061
26/05/2018,08 - 09,2091,1272,3363
26/05/2018,09 - 10,2174,1369,3543
26/05/2018,10 - 11,2248,1422,3670
26/05/2018,11 - 12,2234,1426,3660
26/05/2018,12 - 13,2233,1407,3640
26/05/2018,13 - 14,2228,1409,3637
26/05/2018,14 - 15,2180,1387,3567
26/05/2018,15 - 16,2094,1368,3462
26/05/2018,16 - 17,2105,1386,3491
26/05/2018,17 - 18,2220,1454,3674
26/05/2018,18 - 19,2192,1455,3647
26/05/2018,19 - 20,2097,1383,3480
26/05/2018,20 - 21,2085,1343,3428
26/05/2018,21 - 22,2029,1305,3334
26/05/2018,22 - 23,1975,1276,3251
26/05/2018,23 - 00,1855,1185,3040
27/05/2018,00 - 01,1741,1087,2828
27/05/2018,01 - 02,1672,1021,2693
27/05/2018,02 - 03,1629,976,2605
27/05/2018,03 - 04,1599,969,2568
27/05/2018,04 - 05,1568,944,2512
27/05/2018,05 - 06,1543,932,2475
27/05/2018,06 - 07,1620,978,2598
27/05/2018,07 - 08,1771,1075,2846
27/05/2018,08 - 09,1946,1199,3145
27/05/2018,09 - 10,2054,1304,3358
27/05/2018,10 - 11,2124,1372,3496
27/05/2018,11 - 12,2160,1400,3560
27/05/2018,12 - 13,2156,1400,3556
27/05/2018,13 - 14,2133,1391,3524
27/05/2018,14 - 15,2125,1373,3498
27/05/2018,15 - 16,2098,1353,3451
27/05/2018,16 - 17,2145,1379,3524
27/05/2018,17 - 18,2366,1461,3827
27/05/2018,18 - 19,2396,1478,3874
27/05/2018,19 - 20,2205,1401,3606
27/05/2018,20 - 21,2119,1328,3447
27/05/2018,21 - 22,2041,1276,3317
27/05/2018,22 - 23,2016,1218,3234
27/05/2018,23 - 00,1922,1109,3031
28/05/2018,00 - 01,1852,1033,2885
28/05/2018,01 - 02,1802,992,2794
28/05/2018,02 - 03,1807,974,2781
28/05/2018,03 - 04,1799,983,2782
28/05/2018,04 - 05,1807,968,2775
28/05/2018,05 - 06,1883,1037,2920
28/05/2018,06 - 07,2238,1249,3487
28/05/2018,07 - 08,2631,1487,4118
28/05/2018,08 - 09,2708,1601,4309
28/05/2018,09 - 10,2696,1683,4379
28/05/2018,10 - 11,2822,1712,4534
28/05/2018,11 - 12,2804,1727,4531
28/05/2018,12 - 13,2757,1700,4457
28/05/2018,13 - 14,2803,1701,4504
28/05/2018,14 - 15,2770,1691,4461
28/05/2018,15 - 16,2650,1659,4309
28/05/2018,16 - 17,2619,1631,4250
28/05/2018,17 - 18,2714,1692,4406
28/05/2018,18 - 19,2634,1655,4289
28/05/2018,19 - 20,2501,1543,4044
28/05/2018,20 - 21,2397,1441,3838
28/05/2018,21 - 22,2333,1374,3707
28/05/2018,22 - 23,2273,1292,3565
28/05/2018,23 - 00,2101,1172,3273
29/05/2018,00 - 01,1966,1074,3040
29/05/2018,01 - 02,1913,1031,2944
29/05/2018,02 - 03,1880,1015,2895
29/05/2018,03 - 04,1860,1014,2874
29/05/2018,04 - 05,1847,1015,2862
29/05/2018,05 - 06,1961,1083,3044
29/05/2018,06 - 07,2306,1291,3597
29/05/2018,07 - 08,2655,1519,4174
29/05/2018,08 - 09,2787,1624,4411
29/05/2018,09 - 10,2839,1671,4510
29/05/2018,10 - 11,2928,1705,4633
29/05/2018,11 - 12,2881,1700,4581
29/05/2018,12 - 13,2812,1689,4501
29/05/2018,13 - 14,2861,1674,4535
29/05/2018,14 - 15,2798,1638,4436
29/05/2018,15 - 16,2687,1595,4282
29/05/2018,16 - 17,2679,1607,4286
29/05/2018,17 - 18,2835,1656,4491
29/05/2018,18 - 19,2727,1622,4349
29/05/2018,19 - 20,2617,1553,4170
29/05/2018,20 - 21,2492,1468,3960
29/05/2018,21 - 22,2408,1400,3808
29/05/2018,22 - 23,2331,1340,3671
29/05/2018,23 - 00,2139,1213,3352
30/05/2018,00 - 01,1960,1117,3077
30/05/2018,01 - 02,1926,1059,2985
30/05/2018,02 - 03,1890,1042,2932
30/05/2018,03 - 04,1883,1032,2915
30/05/2018,04 - 05,1873,1036,2909
30/05/2018,05 - 06,1978,1099,3077
30/05/2018,06 - 07,2302,1309,3611
30/05/2018,07 - 08,2631,1535,4166
30/05/2018,08 - 09,2764,1642,4406
30/05/2018,09 - 10,2787,1696,4483
30/05/2018,10 - 11,2887,1738,4625
30/05/2018,11 - 12,2909,1748,4657
30/05/2018,12 - 13,2870,1729,4599
30/05/2018,13 - 14,2903,1720,4623
30/05/2018,14 - 15,2862,1656,4518
30/05/2018,15 - 16,2726,1595,4321
30/05/2018,16 - 17,2661,1591,4252
30/05/2018,17 - 18,2734,1641,4375
30/05/2018,18 - 19,2677,1635,4312
30/05/2018,19 - 20,2543,1557,4100
30/05/2018,20 - 21,2435,1443,3878
30/05/2018,21 - 22,2285,1346,3631
30/05/2018,22 - 23,2236,1305,3541
30/05/2018,23 - 00,2154,1206,3360
31/05/2018,00 - 01,1997,1101,3098
31/05/2018,01 - 02,1914,1062,2976
31/05/2018,02 - 03,1853,1047,2900
31/05/2018,03 - 04,1856,1037,2893
31/05/2018,04 - 05,1880,1027,2907
31/05/2018,05 - 06,1998,1084,3082
31/05/2018,06 - 07,2312,1275,3587
31/05/2018,07 - 08,2635,1468,4103
31/05/2018,08 - 09,2766,1563,4329
31/05/2018,09 - 10,2782,1597,4379
31/05/2018,10 - 11,2869,1673,4542
31/05/2018,11 - 12,2906,1679,4585
31/05/2018,12 - 13,2819,1653,4472
31/05/2018,13 - 14,2809,1634,4443
31/05/2018,14 - 15,2768,1633,4401
31/05/2018,15 - 16,2659,1601,4260
31/05/2018,16 - 17,2664,1583,4247
31/05/2018,17 - 18,2738,1623,4361
31/05/2018,18 - 19,2677,1598,4275
31/05/2018,19 - 20,2582,1533,4115
31/05/2018,20 - 21,2473,1457,3930
31/05/2018,21 - 22,2347,1371,3718
31/05/2018,22 - 23,2295,1351,3646
31/05/2018,23 - 00,2145,1233,3378
01/06/2018,00 - 01,2043,1163,3206
01/06/2018,01 - 02,1940,1065,3005
01/06/2018,02 - 03,1889,1051,2940
01/06/2018,03 - 04,1878,1047,2925
01/06/2018,04 - 05,1886,1030,2916
01/06/2018,05 - 06,1974,1078,3052
01/06/2018,06 - 07,2307,1258,3565
01/06/2018,07 - 08,2628,1459,4087
01/06/2018,08 - 09,2817,1544,4361
01/06/2018,09 - 10,2799,1593,4392
01/06/2018,10 - 11,2836,1644,4480
01/06/2018,11 - 12,2819,1651,4470
01/06/2018,12 - 13,2728,1639,4367
01/06/2018,13 - 14,2706,1618,4324
01/06/2018,14 - 15,2572,1572,4144
01/06/2018,15 - 16,2492,1547,4039
01/06/2018,16 - 17,2439,1535,3974
01/06/2018,17 - 18,2478,1566,4044
01/06/2018,18 - 19,2439,1540,3979
01/06/2018,19 - 20,2335,1466,3801
01/06/2018,20 - 21,2240,1391,3631
01/06/2018,21 - 22,2163,1344,3507
01/06/2018,22 - 23,2111,1304,3415
01/06/2018,23 - 00,1990,1214,3204
02/06/2018,00 - 01,1874,1126,3000
02/06/2018,01 - 02,1774,1051,2825
02/06/2018,02 - 03,1720,1010,2730
02/06/2018,03 - 04,1689,991,2680
02/06/2018,04 - 05,1676,956,2632
02/06/2018,05 - 06,1684,956,2640
02/06/2018,06 - 07,1792,1024,2816
02/06/2018,07 - 08,1964,1157,3121
02/06/2018,08 - 09,2144,1296,3440
02/06/2018,09 - 10,2242,1389,3631
02/06/2018,10 - 11,2271,1432,3703
02/06/2018,11 - 12,2266,1431,3697
02/06/2018,12 - 13,2222,1420,3642
02/06/2018,13 - 14,2172,1400,3572
02/06/2018,14 - 15,2122,1368,3490
02/06/2018,15 - 16,2090,1348,3438
02/06/2018,16 - 17,2108,1356,3464
02/06/2018,17 - 18,2196,1409,3605
02/06/2018,18 - 19,2212,1416,3628
02/06/2018,19 - 20,2148,1384,3532
02/06/2018,20 - 21,2095,1336,3431
02/06/2018,21 - 22,2037,1289,3326
02/06/2018,22 - 23,1995,1263,3258
02/06/2018,23 - 00,1906,1188,3094
03/06/2018,00 - 01,1797,1104,2901
03/06/2018,01 - 02,1715,1033,2748
03/06/2018,02 - 03,1649,1000,2649
03/06/2018,03 - 04,1630,985,2615
03/06/2018,04 - 05,1606,952,2558
03/06/2018,05 - 06,1600,946,2546
03/06/2018,06 - 07,1658,1007,2665
03/06/2018,07 - 08,1802,1113,2915
03/06/2018,08 - 09,1965,1250,3215
03/06/2018,09 - 10,2070,1346,3416
03/06/2018,10 - 11,2132,1413,3545
03/06/2018,11 - 12,2170,1415,3585
03/06/2018,12 - 13,2158,1402,3560
03/06/2018,13 - 14,2129,1391,3520
03/06/2018,14 - 15,2116,1374,3490
03/06/2018,15 - 16,2104,1361,3465
03/06/2018,16 - 17,2131,1379,3510
03/06/2018,17 - 18,2241,1451,3692
03/06/2018,18 - 19,2241,1472,3713
03/06/2018,19 - 20,2196,1435,3631
03/06/2018,20 - 21,2127,1380,3507
03/06/2018,21 - 22,2058,1333,3391
03/06/2018,22 - 23,1989,1289,3278
03/06/2018,23 - 00,1874,1189,3063
04/06/2018,00 - 01,1784,1100,2884
04/06/2018,01 - 02,1735,1043,2778
04/06/2018,02 - 03,1717,1016,2733
04/06/2018,03 - 04,1722,1013,2735
04/06/2018,04 - 05,1726,1002,2728
04/06/2018,05 - 06,1811,1054,2865
04/06/2018,06 - 07,2132,1237,3369
04/06/2018,07 - 08,2467,1440,3907
04/06/2018,08 - 09,2645,1578,4223
04/06/2018,09 - 10,2715,1640,4355
04/06/2018,10 - 11,2777,1672,4449
04/06/2018,11 - 12,2795,1676,4471
04/06/2018,12 - 13,2752,1672,4424
04/06/2018,13 - 14,2747,1666,4413
04/06/2018,14 - 15,2687,1640,4327
04/06/2018,15 - 16,2573,1602,4175
04/06/2018,16 - 17,2563,1597,4160
04/06/2018,17 - 18,2600,1630,4230
04/06/2018,18 - 19,2516,1593,4109
04/06/2018,19 - 20,2403,1506,3909
04/06/2018,20 - 21,2332,1428,3760
04/06/2018,21 - 22,2194,1374,3568
04/06/2018,22 - 23,2155,1326,3481
04/06/2018,23 - 00,2060,1208,3268
05/06/2018,00 - 01,1925,1111,3036
05/06/2018,01 - 02,1826,1043,2869
05/06/2018,02 - 03,1780,1018,2798
05/06/2018,03 - 04,1765,994,2759
05/06/2018,04 - 05,1755,968,2723
05/06/2018,05 - 06,1770,988,2758
05/06/2018,06 - 07,1909,1091,3000
05/06/2018,07 - 08,2079,1213,3292
05/06/2018,08 - 09,2275,1366,3641
05/06/2018,09 - 10,2476,1473,3949
05/06/2018,10 - 11,2451,1503,3954
05/06/2018,11 - 12,2415,1503,3918
05/06/2018,12 - 13,2386,1467,3853
05/06/2018,13 - 14,2361,1447,3808
05/06/2018,14 - 15,2294,1420,3714
05/06/2018,15 - 16,2251,1392,3643
05/06/2018,16 - 17,2324,1420,3744
05/06/2018,17 - 18,2405,1497,3902
05/06/2018,18 - 19,2395,1496,3891
05/06/2018,19 - 20,2275,1433,3708
05/06/2018,20 - 21,2232,1378,3610
05/06/2018,21 - 22,2132,1328,3460
05/06/2018,22 - 23,2082,1275,3357
05/06/2018,23 - 00,2021,1183,3204
06/06/2018,00 - 01,1914,1094,3008
06/06/2018,01 - 02,1844,1044,2888
06/06/2018,02 - 03,1818,1011,2829
06/06/2018,03 - 04,1827,1011,2838
06/06/2018,04 - 05,1826,992,2818
06/06/2018,05 - 06,1913,1058,2971
06/06/2018,06 - 07,2239,1268,3507
06/06/2018,07 - 08,2596,1475,4071
06/06/2018,08 - 09,2746,1574,4320
06/06/2018,09 - 10,2792,1607,4399
06/06/2018,10 - 11,2866,1638,4504
06/06/2018,11 - 12,2893,1630,4523
06/06/2018,12 - 13,2820,1590,4410
06/06/2018,13 - 14,2873,1622,4495
06/06/2018,14 - 15,2818,1595,4413
06/06/2018,15 - 16,2749,1577,4326
06/06/2018,16 - 17,2713,1566,4279
06/06/2018,17 - 18,2748,1620,4368
06/06/2018,18 - 19,2686,1592,4278
06/06/2018,19 - 20,2562,1517,4079
06/06/2018,20 - 21,2384,1403,3787
06/06/2018,21 - 22,2301,1337,3638
06/06/2018,22 - 23,2272,1294,3566
06/06/2018,23 - 00,2149,1187,3336
07/06/2018,00 - 01,2012,1088,3100
07/06/2018,01 - 02,1921,1027,2948
07/06/2018,02 - 03,1891,1004,2895
07/06/2018,03 - 04,1888,1007,2895
07/06/2018,04 - 05,1877,997,2874
07/06/2018,05 - 06,1968,1061,3029
07/06/2018,06 - 07,2291,1278,3569
07/06/2018,07 - 08,2624,1493,4117
07/06/2018,08 - 09,2789,1592,4381
07/06/2018,09 - 10,2838,1636,4474
07/06/2018,10 - 11,2919,1655,4574
07/06/2018,11 - 12,2940,1598,4538
07/06/2018,12 - 13,2873,1607,4480
07/06/2018,13 - 14,2903,1617,4520
07/06/2018,14 - 15,2839,1593,4432
07/06/2018,15 - 16,2694,1574,4268
07/06/2018,16 - 17,2632,1561,4193
07/06/2018,17 - 18,2706,1629,4335
07/06/2018,18 - 19,2628,1610,4238
07/06/2018,19 - 20,2519,1534,4053
07/06/2018,20 - 21,2429,1459,3888
07/06/2018,21 - 22,2351,1388,3739
07/06/2018,22 - 23,2269,1314,3583
07/06/2018,23 - 00,2131,1205,3336
08/06/2018,00 - 01,1998,1112,3110
08/06/2018,01 - 02,1936,1054,2990
08/06/2018,02 - 03,1894,1032,2926
08/06/2018,03 - 04,1882,1024,2906
08/06/2018,04 - 05,1880,1024,2904
08/06/2018,05 - 06,1971,1089,3060
08/06/2018,06 - 07,2288,1301,3589
08/06/2018,07 - 08,2642,1527,4169
08/06/2018,08 - 09,2772,1625,4397
08/06/2018,09 - 10,2807,1664,4471
08/06/2018,10 - 11,2864,1691,4555
08/06/2018,11 - 12,2853,1690,4543
08/06/2018,12 - 13,2757,1673,4430
08/06/2018,13 - 14,2718,1654,4372
08/06/2018,14 - 15,2608,1612,4220
08/06/2018,15 - 16,2501,1569,4070
08/06/2018,16 - 17,2468,1563,4031
08/06/2018,17 - 18,2521,1595,4116
08/06/2018,18 - 19,2495,1557,4052
08/06/2018,19 - 20,2368,1482,3850
08/06/2018,20 - 21,2253,1403,3656
08/06/2018,21 - 22,2157,1346,3503
08/06/2018,22 - 23,2091,1304,3395
08/06/2018,23 - 00,1990,1215,3205
09/06/2018,00 - 01,1881,1125,3006
09/06/2018,01 - 02,1788,1065,2853
09/06/2018,02 - 03,1739,1023,2762
09/06/2018,03 - 04,1730,1011,2741
09/06/2018,04 - 05,1706,959,2665
09/06/2018,05 - 06,1728,960,2688
09/06/2018,06 - 07,1807,1026,2833
09/06/2018,07 - 08,1971,1153,3124
09/06/2018,08 - 09,2139,1284,3423
09/06/2018,09 - 10,2217,1378,3595
09/06/2018,10 - 11,2267,1428,3695
09/06/2018,11 - 12,2271,1432,3703
09/06/2018,12 - 13,2224,1416,3640
09/06/2018,13 - 14,2196,1409,3605
09/06/2018,14 - 15,2163,1388,3551
09/06/2018,15 - 16,2140,1363,3503
09/06/2018,16 - 17,2150,1381,3531
09/06/2018,17 - 18,2237,1428,3665
09/06/2018,18 - 19,2252,1427,3679
09/06/2018,19 - 20,2157,1379,3536
09/06/2018,20 - 21,2081,1313,3394
09/06/2018,21 - 22,2001,1278,3279
09/06/2018,22 - 23,1952,1252,3204
09/06/2018,23 - 00,1877,1184,3061
10/06/2018,00 - 01,1783,1106,2889
10/06/2018,01 - 02,1707,1046,2753
10/06/2018,02 - 03,1659,1014,2673
10/06/2018,03 - 04,1631,992,2623
10/06/2018,04 - 05,1599,956,2555
10/06/2018,05 - 06,1597,955,2552
10/06/2018,06 - 07,1675,1004,2679
10/06/2018,07 - 08,1818,1112,2930
10/06/2018,08 - 09,1981,1232,3213
10/06/2018,09 - 10,2111,1327,3438
10/06/2018,10 - 11,2199,1386,3585
10/06/2018,11 - 12,2231,1417,3648
10/06/2018,12 - 13,2203,1412,3615
10/06/2018,13 - 14,2200,1393,3593
10/06/2018,14 - 15,2180,1377,3557
10/06/2018,15 - 16,2179,1359,3538
10/06/2018,16 - 17,2191,1391,3582
10/06/2018,17 - 18,2379,1497,3876
10/06/2018,18 - 19,2398,1535,3933
10/06/2018,19 - 20,2269,1474,3743
10/06/2018,20 - 21,2149,1390,3539
10/06/2018,21 - 22,2059,1319,3378
10/06/2018,22 - 23,1998,1253,3251
10/06/2018,23 - 00,1869,1148,3017
11/06/2018,00 - 01,1790,1075,2865
11/06/2018,01 - 02,1735,1035,2770
11/06/2018,02 - 03,1740,1015,2755
11/06/2018,03 - 04,1761,1010,2771
11/06/2018,04 - 05,1760,1005,2765
11/06/2018,05 - 06,1860,1075,2935
11/06/2018,06 - 07,2206,1273,3479
11/06/2018,07 - 08,2604,1485,4089
11/06/2018,08 - 09,2824,1565,4389
11/06/2018,09 - 10,2816,1645,4461
11/06/2018,10 - 11,2859,1673,4532
11/06/2018,11 - 12,2903,1678,4581
11/06/2018,12 - 13,2864,1670,4534
11/06/2018,13 - 14,2879,1664,4543
11/06/2018,14 - 15,2833,1642,4475
11/06/2018,15 - 16,2775,1609,4384
11/06/2018,16 - 17,2711,1598,4309
11/06/2018,17 - 18,2837,1687,4524
11/06/2018,18 - 19,2749,1651,4400
11/06/2018,19 - 20,2543,1555,4098
11/06/2018,20 - 21,2445,1465,3910
11/06/2018,21 - 22,2313,1397,3710
11/06/2018,22 - 23,2227,1301,3528
11/06/2018,23 - 00,2060,1177,3237
12/06/2018,00 - 01,1945,1113,3058
12/06/2018,01 - 02,1914,1061,2975
12/06/2018,02 - 03,1902,1029,2931
12/06/2018,03 - 04,1907,1025,2932
12/06/2018,04 - 05,1937,1019,2956
12/06/2018,05 - 06,1991,1092,3083
12/06/2018,06 - 07,2272,1290,3562
12/06/2018,07 - 08,2589,1495,4084
12/06/2018,08 - 09,2736,1582,4318
12/06/2018,09 - 10,2779,1629,4408
12/06/2018,10 - 11,2849,1659,4508
12/06/2018,11 - 12,2868,1667,4535
12/06/2018,12 - 13,2797,1662,4459
12/06/2018,13 - 14,2823,1648,4471
12/06/2018,14 - 15,2774,1628,4402
12/06/2018,15 - 16,2662,1606,4268
12/06/2018,16 - 17,2650,1599,4249
12/06/2018,17 - 18,2792,1675,4467
12/06/2018,18 - 19,2681,1662,4343
12/06/2018,19 - 20,2522,1565,4087
12/06/2018,20 - 21,2409,1474,3883
12/06/2018,21 - 22,2317,1388,3705
12/06/2018,22 - 23,2222,1304,3526
12/06/2018,23 - 00,2098,1195,3293
13/06/2018,00 - 01,1994,1108,3102
13/06/2018,01 - 02,1908,1062,2970
13/06/2018,02 - 03,1912,1034,2946
13/06/2018,03 - 04,1873,1030,2903
13/06/2018,04 - 05,1849,1027,2876
13/06/2018,05 - 06,1954,1095,3049
13/06/2018,06 - 07,2275,1307,3582
13/06/2018,07 - 08,2609,1542,4151
13/06/2018,08 - 09,2812,1650,4462
13/06/2018,09 - 10,2860,1700,4560
13/06/2018,10 - 11,2907,1728,4635
13/06/2018,11 - 12,2920,1716,4636
13/06/2018,12 - 13,2884,1699,4583
13/06/2018,13 - 14,2870,1699,4569
13/06/2018,14 - 15,2807,1669,4476
13/06/2018,15 - 16,2680,1606,4286
13/06/2018,16 - 17,2591,1591,4182
13/06/2018,17 - 18,2712,1646,4358
13/06/2018,18 - 19,2662,1622,4284
13/06/2018,19 - 20,2547,1545,4092
13/06/2018,20 - 21,2450,1460,3910
13/06/2018,21 - 22,2304,1374,3678
13/06/2018,22 - 23,2191,1299,3490
13/06/2018,23 - 00,2076,1190,3266
14/06/2018,00 - 01,1974,1103,3077
14/06/2018,01 - 02,1901,1039,2940
14/06/2018,02 - 03,1868,1014,2882
14/06/2018,03 - 04,1886,1005,2891
14/06/2018,04 - 05,1914,1008,2922
14/06/2018,05 - 06,1994,1071,3065
14/06/2018,06 - 07,2314,1279,3593
14/06/2018,07 - 08,2669,1490,4159
14/06/2018,08 - 09,2818,1606,4424
14/06/2018,09 - 10,2806,1652,4458
14/06/2018,10 - 11,2897,1679,4576
14/06/2018,11 - 12,2951,1682,4633
14/06/2018,12 - 13,2665,1656,4321
14/06/2018,13 - 14,2958,1698,4656
14/06/2018,14 - 15,2938,1668,4606
14/06/2018,15 - 16,2855,1648,4503
14/06/2018,16 - 17,2793,1632,4425
14/06/2018,17 - 18,2776,1688,4464
14/06/2018,18 - 19,2713,1659,4372
14/06/2018,19 - 20,2652,1557,4209
14/06/2018,20 - 21,2523,1485,4008
14/06/2018,21 - 22,2330,1415,3745
14/06/2018,22 - 23,2197,1292,3489
14/06/2018,23 - 00,2051,1163,3214
15/06/2018,00 - 01,1933,1083,3016
15/06/2018,01 - 02,1856,1033,2889
15/06/2018,02 - 03,1830,1015,2845
15/06/2018,03 - 04,1833,1020,2853
15/06/2018,04 - 05,1831,1000,2831
15/06/2018,05 - 06,1919,1054,2973
15/06/2018,06 - 07,2212,1262,3474
15/06/2018,07 - 08,2451,1402,3853
15/06/2018,08 - 09,2644,1576,4220
15/06/2018,09 - 10,2690,1611,4301
15/06/2018,10 - 11,2742,1633,4375
15/06/2018,11 - 12,2744,1656,4400
15/06/2018,12 - 13,2653,1634,4287
15/06/2018,13 - 14,2580,1609,4189
15/06/2018,14 - 15,2501,1566,4067
15/06/2018,15 - 16,2468,1526,3994
15/06/2018,16 - 17,2454,1527,3981
15/06/2018,17 - 18,2486,1572,4058
15/06/2018,18 - 19,2419,1547,3966
15/06/2018,19 - 20,2258,1461,3719
15/06/2018,20 - 21,2143,1374,3517
15/06/2018,21 - 22,2041,1300,3341
15/06/2018,22 - 23,1994,1269,3263
15/06/2018,23 - 00,1893,1193,3086
16/06/2018,00 - 01,1778,1105,2883
16/06/2018,01 - 02,1706,1037,2743
16/06/2018,02 - 03,1652,995,2647
16/06/2018,03 - 04,1632,982,2614
16/06/2018,04 - 05,1607,944,2551
16/06/2018,05 - 06,1628,945,2573
16/06/2018,06 - 07,1721,1018,2739
16/06/2018,07 - 08,1883,1140,3023
16/06/2018,08 - 09,2046,1277,3323
16/06/2018,09 - 10,2133,1370,3503
16/06/2018,10 - 11,2198,1421,3619
16/06/2018,11 - 12,2197,1414,3611
16/06/2018,12 - 13,2161,1388,3549
16/06/2018,13 - 14,2149,1371,3520
16/06/2018,14 - 15,2122,1341,3463
16/06/2018,15 - 16,2089,1320,3409
16/06/2018,16 - 17,2127,1343,3470
16/06/2018,17 - 18,2263,1427,3690
16/06/2018,18 - 19,2211,1403,3614
16/06/2018,19 - 20,2049,1357,3406
16/06/2018,20 - 21,1969,1312,3281
16/06/2018,21 - 22,1886,1269,3155
16/06/2018,22 - 23,1825,1233,3058
16/06/2018,23 - 00,1734,1148,2882
17/06/2018,00 - 01,1630,1070,2700
17/06/2018,01 - 02,1576,1016,2592
17/06/2018,02 - 03,1542,990,2532
17/06/2018,03 - 04,1511,977,2488
17/06/2018,04 - 05,1489,943,2432
17/06/2018,05 - 06,1500,946,2446
17/06/2018,06 - 07,1558,998,2556
17/06/2018,07 - 08,1697,1097,2794
17/06/2018,08 - 09,1912,1232,3144
17/06/2018,09 - 10,2042,1346,3388
17/06/2018,10 - 11,2092,1394,3486
17/06/2018,11 - 12,2051,1421,3472
17/06/2018,12 - 13,2155,1405,3560
17/06/2018,13 - 14,2124,1390,3514
17/06/2018,14 - 15,2159,1377,3536
17/06/2018,15 - 16,2094,1382,3476
17/06/2018,16 - 17,2125,1408,3533
17/06/2018,17 - 18,2288,1494,3782
17/06/2018,18 - 19,2244,1500,3744
17/06/2018,19 - 20,2119,1434,3553
17/06/2018,20 - 21,2015,1354,3369
17/06/2018,21 - 22,1903,1272,3175
17/06/2018,22 - 23,1854,1214,3068
17/06/2018,23 - 00,1774,1121,2895
18/06/2018,00 - 01,1687,1048,2735
18/06/2018,01 - 02,1636,992,2628
18/06/2018,02 - 03,1625,972,2597
18/06/2018,03 - 04,1657,966,2623
18/06/2018,04 - 05,1657,958,2615
18/06/2018,05 - 06,1771,1034,2805
18/06/2018,06 - 07,2109,1249,3358
18/06/2018,07 - 08,2385,1444,3829
18/06/2018,08 - 09,2596,1580,4176
18/06/2018,09 - 10,2646,1620,4266
18/06/2018,10 - 11,2738,1661,4399
18/06/2018,11 - 12,2763,1661,4424
18/06/2018,12 - 13,2752,1665,4417
18/06/2018,13 - 14,2727,1662,4389
18/06/2018,14 - 15,2718,1634,4352
18/06/2018,15 - 16,2656,1595,4251
18/06/2018,16 - 17,2658,1590,4248
18/06/2018,17 - 18,2760,1676,4436
18/06/2018,18 - 19,2609,1645,4254
18/06/2018,19 - 20,2464,1553,4017
18/06/2018,20 - 21,2321,1457,3778
18/06/2018,21 - 22,2178,1359,3537
18/06/2018,22 - 23,2078,1288,3366
18/06/2018,23 - 00,1969,1176,3145
19/06/2018,00 - 01,1849,1094,2943
19/06/2018,01 - 02,1775,1031,2806
19/06/2018,02 - 03,1741,996,2737
19/06/2018,03 - 04,1764,994,2758
19/06/2018,04 - 05,1791,996,2787
19/06/2018,05 - 06,1866,1061,2927
19/06/2018,06 - 07,2176,1270,3446
19/06/2018,07 - 08,2523,1467,3990
19/06/2018,08 - 09,2710,1582,4292
19/06/2018,09 - 10,2792,1641,4433
19/06/2018,10 - 11,2828,1678,4506
19/06/2018,11 - 12,2856,1683,4539
19/06/2018,12 - 13,2793,1656,4449
19/06/2018,13 - 14,2762,1617,4379
19/06/2018,14 - 15,2688,1603,4291
19/06/2018,15 - 16,2600,1566,4166
19/06/2018,16 - 17,2551,1548,4099
19/06/2018,17 - 18,2660,1617,4277
19/06/2018,18 - 19,2558,1582,4140
19/06/2018,19 - 20,2436,1499,3935
19/06/2018,20 - 21,2294,1410,3704
19/06/2018,21 - 22,2167,1329,3496
19/06/2018,22 - 23,2079,1263,3342
19/06/2018,23 - 00,1945,1155,3100
20/06/2018,00 - 01,1823,1072,2895
20/06/2018,01 - 02,1748,1014,2762
20/06/2018,02 - 03,1715,983,2698
20/06/2018,03 - 04,1735,991,2726
20/06/2018,04 - 05,1753,986,2739
20/06/2018,05 - 06,1868,1059,2927
20/06/2018,06 - 07,2144,1250,3394
20/06/2018,07 - 08,2526,1481,4007
20/06/2018,08 - 09,2707,1612,4319
20/06/2018,09 - 10,2797,1620,4417
20/06/2018,10 - 11,2872,1670,4542
20/06/2018,11 - 12,2948,1680,4628
20/06/2018,12 - 13,2869,1687,4556
20/06/2018,13 - 14,2891,1696,4587
20/06/2018,14 - 15,2836,1684,4520
20/06/2018,15 - 16,2769,1628,4397
20/06/2018,16 - 17,2728,1616,4344
20/06/2018,17 - 18,2884,1678,4562
20/06/2018,18 - 19,2780,1627,4407
20/06/2018,19 - 20,2626,1527,4153
20/06/2018,20 - 21,2425,1448,3873
20/06/2018,21 - 22,2346,1388,3734
20/06/2018,22 - 23,2252,1333,3585
20/06/2018,23 - 00,2087,1214,3301
21/06/2018,00 - 01,1972,1113,3085
21/06/2018,01 - 02,1832,1034,2866
21/06/2018,02 - 03,1727,996,2723
21/06/2018,03 - 04,1743,971,2714
21/06/2018,04 - 05,1768,981,2749
21/06/2018,05 - 06,1854,1047,2901
21/06/2018,06 - 07,2161,1264,3425
21/06/2018,07 - 08,2516,1492,4008
21/06/2018,08 - 09,2639,1581,4220
21/06/2018,09 - 10,2627,1665,4292
21/06/2018,10 - 11,2703,1729,4432
21/06/2018,11 - 12,2716,1708,4424
21/06/2018,12 - 13,2672,1677,4349
21/06/2018,13 - 14,2698,1663,4361
21/06/2018,14 - 15,2685,1636,4321
21/06/2018,15 - 16,2653,1613,4266
21/06/2018,16 - 17,2627,1603,4230
21/06/2018,17 - 18,2707,1648,4355
21/06/2018,18 - 19,2656,1574,4230
21/06/2018,19 - 20,2492,1492,3984
21/06/2018,20 - 21,2385,1397,3782
21/06/2018,21 - 22,2210,1303,3513
21/06/2018,22 - 23,2075,1240,3315
21/06/2018,23 - 00,1971,1139,3110
22/06/2018,00 - 01,1888,1036,2924
22/06/2018,01 - 02,1823,984,2807
22/06/2018,02 - 03,1784,975,2759
22/06/2018,03 - 04,1814,976,2790
22/06/2018,04 - 05,1823,973,2796
22/06/2018,05 - 06,1876,1061,2937
22/06/2018,06 - 07,2206,1268,3474
22/06/2018,07 - 08,2539,1497,4036
22/06/2018,08 - 09,2750,1594,4344
22/06/2018,09 - 10,2773,1640,4413
22/06/2018,10 - 11,2834,1672,4506
22/06/2018,11 - 12,2822,1669,4491
22/06/2018,12 - 13,2716,1638,4354
22/06/2018,13 - 14,2619,1619,4238
22/06/2018,14 - 15,2521,1560,4081
22/06/2018,15 - 16,2471,1543,4014
22/06/2018,16 - 17,2522,1556,4078
22/06/2018,17 - 18,2562,1614,4176
22/06/2018,18 - 19,2552,1599,4151
22/06/2018,19 - 20,2420,1488,3908
22/06/2018,20 - 21,2278,1379,3657
22/06/2018,21 - 22,2162,1328,3490
22/06/2018,22 - 23,2115,1276,3391
22/06/2018,23 - 00,2026,1184,3210
23/06/2018,00 - 01,1887,1090,2977
23/06/2018,01 - 02,1806,1038,2844
23/06/2018,02 - 03,1736,1017,2753
23/06/2018,03 - 04,1720,1005,2725
23/06/2018,04 - 05,1717,975,2692
23/06/2018,05 - 06,1697,979,2676
23/06/2018,06 - 07,1770,1019,2789
23/06/2018,07 - 08,1944,1114,3058
23/06/2018,08 - 09,2142,1241,3383
23/06/2018,09 - 10,2243,1357,3600
23/06/2018,10 - 11,2305,1407,3712
23/06/2018,11 - 12,2276,1437,3713
23/06/2018,12 - 13,2286,1417,3703
23/06/2018,13 - 14,2228,1389,3617
23/06/2018,14 - 15,2185,1367,3552
23/06/2018,15 - 16,2192,1339,3531
23/06/2018,16 - 17,2214,1349,3563
23/06/2018,17 - 18,2322,1415,3737
23/06/2018,18 - 19,2214,1404,3618
23/06/2018,19 - 20,2094,1322,3416
23/06/2018,20 - 21,2018,1271,3289
23/06/2018,21 - 22,1950,1221,3171
23/06/2018,22 - 23,1940,1215,3155
23/06/2018,23 - 00,1856,1172,3028
24/06/2018,00 - 01,1762,1121,2883
24/06/2018,01 - 02,1702,1047,2749
24/06/2018,02 - 03,1653,1005,2658
24/06/2018,03 - 04,1603,986,2589
24/06/2018,04 - 05,1587,949,2536
24/06/2018,05 - 06,1557,933,2490
24/06/2018,06 - 07,1596,969,2565
24/06/2018,07 - 08,1706,1054,2760
24/06/2018,08 - 09,1865,1171,3036
24/06/2018,09 - 10,2004,1274,3278
24/06/2018,10 - 11,2081,1351,3432
24/06/2018,11 - 12,2111,1383,3494
24/06/2018,12 - 13,2060,1378,3438
24/06/2018,13 - 14,2042,1374,3416
24/06/2018,14 - 15,2029,1356,3385
24/06/2018,15 - 16,2038,1343,3381
24/06/2018,16 - 17,2077,1367,3444
24/06/2018,17 - 18,2230,1449,3679
24/06/2018,18 - 19,2274,1478,3752
24/06/2018,19 - 20,2166,1423,3589
24/06/2018,20 - 21,2094,1354,3448
24/06/2018,21 - 22,1982,1282,3264
24/06/2018,22 - 23,1916,1230,3146
24/06/2018,23 - 00,1823,1142,2965
25/06/2018,00 - 01,1765,1053,2818
25/06/2018,01 - 02,1741,1002,2743
25/06/2018,02 - 03,1724,978,2702
25/06/2018,03 - 04,1750,976,2726
25/06/2018,04 - 05,1732,960,2692
25/06/2018,05 - 06,1843,1037,2880
25/06/2018,06 - 07,2154,1249,3403
25/06/2018,07 - 08,2532,1482,4014
25/06/2018,08 - 09,2694,1592,4286
25/06/2018,09 - 10,2769,1643,4412
25/06/2018,10 - 11,2814,1666,4480
25/06/2018,11 - 12,2814,1654,4468
25/06/2018,12 - 13,2747,1645,4392
25/06/2018,13 - 14,2807,1660,4467
25/06/2018,14 - 15,2758,1642,4400
25/06/2018,15 - 16,2652,1610,4262
25/06/2018,16 - 17,2620,1606,4226
25/06/2018,17 - 18,2720,1668,4388
25/06/2018,18 - 19,2652,1631,4283
25/06/2018,19 - 20,2535,1545,4080
25/06/2018,20 - 21,2399,1456,3855
25/06/2018,21 - 22,2273,1360,3633
25/06/2018,22 - 23,2224,1305,3529
25/06/2018,23 - 00,2075,1196,3271
26/06/2018,00 - 01,1936,1097,3033
26/06/2018,01 - 02,1852,1037,2889
26/06/2018,02 - 03,1818,1018,2836
26/06/2018,03 - 04,1791,1010,2801
26/06/2018,04 - 05,1811,989,2800
26/06/2018,05 - 06,1930,1065,2995
26/06/2018,06 - 07,2242,1280,3522
26/06/2018,07 - 08,2503,1483,3986
26/06/2018,08 - 09,2648,1591,4239
26/06/2018,09 - 10,2676,1653,4329
26/06/2018,10 - 11,2751,1679,4430
26/06/2018,11 - 12,2788,1679,4467
26/06/2018,12 - 13,2788,1682,4470
26/06/2018,13 - 14,2801,1685,4486
26/06/2018,14 - 15,2752,1660,4412
26/06/2018,15 - 16,2666,1625,4291
26/06/2018,16 - 17,2643,1592,4235
26/06/2018,17 - 18,2691,1618,4309
26/06/2018,18 - 19,2672,1605,4277
26/06/2018,19 - 20,2540,1514,4054
26/06/2018,20 - 21,2444,1433,3877
26/06/2018,21 - 22,2344,1334,3678
26/06/2018,22 - 23,2259,1278,3537
26/06/2018,23 - 00,2122,1187,3309
27/06/2018,00 - 01,2006,1088,3094
27/06/2018,01 - 02,1937,1031,2968
27/06/2018,02 - 03,1896,998,2894
27/06/2018,03 - 04,1894,995,2889
27/06/2018,04 - 05,1879,984,2863
27/06/2018,05 - 06,1963,1051,3014
27/06/2018,06 - 07,2253,1271,3524
27/06/2018,07 - 08,2600,1483,4083
27/06/2018,08 - 09,2742,1595,4337
27/06/2018,09 - 10,2791,1643,4434
27/06/2018,10 - 11,2861,1688,4549
27/06/2018,11 - 12,2867,1684,4551
27/06/2018,12 - 13,2813,1667,4480
27/06/2018,13 - 14,2824,1663,4487
27/06/2018,14 - 15,2760,1647,4407
27/06/2018,15 - 16,2677,1612,4289
27/06/2018,16 - 17,2646,1598,4244
27/06/2018,17 - 18,2713,1633,4346
27/06/2018,18 - 19,2637,1596,4233
27/06/2018,19 - 20,2528,1524,4052
27/06/2018,20 - 21,2441,1445,3886
27/06/2018,21 - 22,2326,1366,3692
27/06/2018,22 - 23,2239,1313,3552
27/06/2018,23 - 00,2142,1213,3355
28/06/2018,00 - 01,2000,1116,3116
28/06/2018,01 - 02,1923,1057,2980
28/06/2018,02 - 03,1867,1024,2891
28/06/2018,03 - 04,1873,1024,2897
28/06/2018,04 - 05,1865,1003,2868
28/06/2018,05 - 06,1971,1073,3044
28/06/2018,06 - 07,2268,1278,3546
28/06/2018,07 - 08,2638,1496,4134
28/06/2018,08 - 09,2798,1603,4401
28/06/2018,09 - 10,2821,1667,4488
28/06/2018,10 - 11,2891,1702,4593
28/06/2018,11 - 12,2882,1715,4597
28/06/2018,12 - 13,2771,1669,4440
28/06/2018,13 - 14,2738,1658,4396
28/06/2018,14 - 15,2657,1635,4292
28/06/2018,15 - 16,2628,1634,4262
28/06/2018,16 - 17,2622,1638,4260
28/06/2018,17 - 18,2700,1669,4369
28/06/2018,18 - 19,2657,1639,4296
28/06/2018,19 - 20,2562,1576,4138
28/06/2018,20 - 21,2441,1497,3938
28/06/2018,21 - 22,2311,1397,3708
28/06/2018,22 - 23,2209,1349,3558
28/06/2018,23 - 00,2116,1254,3370
29/06/2018,00 - 01,1984,1135,3119
29/06/2018,01 - 02,1918,1064,2982
29/06/2018,02 - 03,1870,1036,2906
29/06/2018,03 - 04,1883,1026,2909
29/06/2018,04 - 05,1865,1014,2879
29/06/2018,05 - 06,1962,1077,3039
29/06/2018,06 - 07,2247,1283,3530
29/06/2018,07 - 08,2549,1484,4033
29/06/2018,08 - 09,2697,1577,4274
29/06/2018,09 - 10,2743,1609,4352
29/06/2018,10 - 11,2797,1636,4433
29/06/2018,11 - 12,2742,1653,4395
29/06/2018,12 - 13,2626,1625,4251
29/06/2018,13 - 14,2557,1612,4169
29/06/2018,14 - 15,2438,1547,3985
29/06/2018,15 - 16,2354,1517,3871
29/06/2018,16 - 17,2373,1497,3870
29/06/2018,17 - 18,2453,1532,3985
29/06/2018,18 - 19,2400,1521,3921
29/06/2018,19 - 20,2287,1450,3737
29/06/2018,20 - 21,2202,1355,3557
29/06/2018,21 - 22,2096,1310,3406
29/06/2018,22 - 23,2006,1289,3295
29/06/2018,23 - 00,1906,1216,3122
30/06/2018,00 - 01,1795,1123,2918
30/06/2018,01 - 02,1728,1055,2783
30/06/2018,02 - 03,1718,1022,2740
30/06/2018,03 - 04,1706,1002,2708
30/06/2018,04 - 05,1674,968,2642
30/06/2018,05 - 06,1634,969,2603
30/06/2018,06 - 07,1718,1029,2747
30/06/2018,07 - 08,1883,1147,3030
30/06/2018,08 - 09,2049,1278,3327
30/06/2018,09 - 10,2183,1364,3547
30/06/2018,10 - 11,2273,1408,3681
30/06/2018,11 - 12,2222,1423,3645
30/06/2018,12 - 13,2163,1411,3574
30/06/2018,13 - 14,2135,1394,3529
30/06/2018,14 - 15,2124,1365,3489
30/06/2018,15 - 16,2115,1349,3464
30/06/2018,16 - 17,2158,1362,3520
30/06/2018,17 - 18,2226,1417,3643
30/06/2018,18 - 19,2231,1426,3657
30/06/2018,19 - 20,2127,1372,3499
30/06/2018,20 - 21,2086,1313,3399
30/06/2018,21 - 22,1988,1252,3240
30/06/2018,22 - 23,1931,1241,3172
30/06/2018,23 - 00,1879,1186,3065
01/07/2018,00 - 01,1770,1086,2856
01/07/2018,01 - 02,1691,1012,2703
01/07/2018,02 - 03,1649,986,2635
01/07/2018,03 - 04,1630,976,2606
01/07/2018,04 - 05,1579,943,2522
01/07/2018,05 - 06,1566,946,2512
01/07/2018,06 - 07,1616,987,2603
01/07/2018,07 - 08,1759,1088,2847
01/07/2018,08 - 09,1917,1213,3130
01/07/2018,09 - 10,2030,1307,3337
01/07/2018,10 - 11,2096,1362,3458
01/07/2018,11 - 12,2097,1367,3464
01/07/2018,12 - 13,2089,1358,3447
01/07/2018,13 - 14,2086,1336,3422
01/07/2018,14 - 15,2065,1331,3396
01/07/2018,15 - 16,2055,1315,3370
01/07/2018,16 - 17,2087,1334,3421
01/07/2018,17 - 18,2227,1408,3635
01/07/2018,18 - 19,2244,1425,3669
01/07/2018,19 - 20,2209,1399,3608
01/07/2018,20 - 21,2100,1316,3416
01/07/2018,21 - 22,2022,1247,3269
01/07/2018,22 - 23,2001,1227,3228
01/07/2018,23 - 00,2000,1191,3191
02/07/2018,00 - 01,1873,1087,2960
02/07/2018,01 - 02,1789,1028,2817
02/07/2018,02 - 03,1750,995,2745
02/07/2018,03 - 04,1742,985,2727
02/07/2018,04 - 05,1737,969,2706
02/07/2018,05 - 06,1835,1032,2867
02/07/2018,06 - 07,2136,1216,3352
02/07/2018,07 - 08,2487,1422,3909
02/07/2018,08 - 09,2683,1539,4222
02/07/2018,09 - 10,2718,1597,4315
02/07/2018,10 - 11,2822,1627,4449
02/07/2018,11 - 12,2826,1625,4451
02/07/2018,12 - 13,2790,1613,4403
02/07/2018,13 - 14,2776,1601,4377
02/07/2018,14 - 15,2705,1553,4258
02/07/2018,15 - 16,2614,1509,4123
02/07/2018,16 - 17,2619,1500,4119
02/07/2018,17 - 18,2749,1548,4297
02/07/2018,18 - 19,2686,1531,4217
02/07/2018,19 - 20,2583,1475,4058
02/07/2018,20 - 21,2489,1420,3909
02/07/2018,21 - 22,2291,1342,3633
02/07/2018,22 - 23,2230,1303,3533
02/07/2018,23 - 00,2112,1204,3316
03/07/2018,00 - 01,1978,1108,3086
03/07/2018,01 - 02,1896,1052,2948
03/07/2018,02 - 03,1854,1027,2881
03/07/2018,03 - 04,1844,1029,2873
03/07/2018,04 - 05,1838,1015,2853
03/07/2018,05 - 06,1932,1073,3005
03/07/2018,06 - 07,2213,1260,3473
03/07/2018,07 - 08,2542,1468,4010
03/07/2018,08 - 09,2692,1573,4265
03/07/2018,09 - 10,2752,1639,4391
03/07/2018,10 - 11,2832,1680,4512
03/07/2018,11 - 12,2839,1678,4517
03/07/2018,12 - 13,2781,1664,4445
03/07/2018,13 - 14,2820,1662,4482
03/07/2018,14 - 15,2775,1641,4416
03/07/2018,15 - 16,2692,1593,4285
03/07/2018,16 - 17,2654,1580,4234
03/07/2018,17 - 18,2726,1618,4344
03/07/2018,18 - 19,2647,1591,4238
03/07/2018,19 - 20,2536,1523,4059
03/07/2018,20 - 21,2413,1444,3857
03/07/2018,21 - 22,2245,1359,3604
03/07/2018,22 - 23,2171,1298,3469
03/07/2018,23 - 00,2088,1236,3324
04/07/2018,00 - 01,1943,1133,3076
04/07/2018,01 - 02,1866,1069,2935
04/07/2018,02 - 03,1845,1038,2883
04/07/2018,03 - 04,1838,1031,2869
04/07/2018,04 - 05,1830,1019,2849
04/07/2018,05 - 06,1905,1066,2971
04/07/2018,06 - 07,2196,1253,3449
04/07/2018,07 - 08,2523,1449,3972
04/07/2018,08 - 09,2673,1567,4240
04/07/2018,09 - 10,2728,1618,4346
04/07/2018,10 - 11,2810,1661,4471
04/07/2018,11 - 12,2825,1672,4497
04/07/2018,12 - 13,2774,1660,4434
04/07/2018,13 - 14,2790,1657,4447
04/07/2018,14 - 15,2736,1632,4368
04/07/2018,15 - 16,2627,1596,4223
04/07/2018,16 - 17,2583,1585,4168
04/07/2018,17 - 18,2680,1630,4310
04/07/2018,18 - 19,2582,1583,4165
04/07/2018,19 - 20,2503,1501,4004
04/07/2018,20 - 21,2400,1415,3815
04/07/2018,21 - 22,2280,1353,3633
04/07/2018,22 - 23,2230,1308,3538
04/07/2018,23 - 00,2083,1215,3298
05/07/2018,00 - 01,1936,1118,3054
05/07/2018,01 - 02,1862,1065,2927
05/07/2018,02 - 03,1828,1038,2866
05/07/2018,03 - 04,1828,1037,2865
05/07/2018,04 - 05,1850,1033,2883
05/07/2018,05 - 06,1934,1080,3014
05/07/2018,06 - 07,2208,1248,3456
05/07/2018,07 - 08,2509,1441,3950
05/07/2018,08 - 09,2678,1547,4225
05/07/2018,09 - 10,2741,1607,4348
05/07/2018,10 - 11,2848,1648,4496
05/07/2018,11 - 12,2851,1654,4505
05/07/2018,12 - 13,2802,1657,4459
05/07/2018,13 - 14,2816,1650,4466
05/07/2018,14 - 15,2747,1619,4366
05/07/2018,15 - 16,2674,1574,4248
05/07/2018,16 - 17,2577,1560,4137
05/07/2018,17 - 18,2694,1613,4307
05/07/2018,18 - 19,2631,1575,4206
05/07/2018,19 - 20,2498,1484,3982
05/07/2018,20 - 21,2368,1399,3767
05/07/2018,21 - 22,2259,1325,3584
05/07/2018,22 - 23,2186,1294,3480
05/07/2018,23 - 00,2037,1201,3238
06/07/2018,00 - 01,1945,1111,3056
06/07/2018,01 - 02,1913,1064,2977
06/07/2018,02 - 03,1947,1048,2995
06/07/2018,03 - 04,1951,1048,2999
06/07/2018,04 - 05,1957,1045,3002
06/07/2018,05 - 06,1978,1087,3065
06/07/2018,06 - 07,2192,1246,3438
06/07/2018,07 - 08,2539,1433,3972
06/07/2018,08 - 09,2747,1562,4309
06/07/2018,09 - 10,2757,1630,4387
06/07/2018,10 - 11,2824,1685,4509
06/07/2018,11 - 12,2818,1671,4489
06/07/2018,12 - 13,2708,1644,4352
06/07/2018,13 - 14,2611,1625,4236
06/07/2018,14 - 15,2495,1595,4090
06/07/2018,15 - 16,2435,1553,3988
06/07/2018,16 - 17,2433,1545,3978
06/07/2018,17 - 18,2493,1570,4063
06/07/2018,18 - 19,2435,1549,3984
06/07/2018,19 - 20,2263,1445,3708
06/07/2018,20 - 21,2086,1369,3455
06/07/2018,21 - 22,2039,1304,3343
06/07/2018,22 - 23,1963,1283,3246
06/07/2018,23 - 00,1905,1211,3116
07/07/2018,00 - 01,1795,1125,2920
07/07/2018,01 - 02,1700,1063,2763
07/07/2018,02 - 03,1690,1037,2727
07/07/2018,03 - 04,1708,1025,2733
07/07/2018,04 - 05,1646,992,2638
07/07/2018,05 - 06,1627,983,2610
07/07/2018,06 - 07,1717,1042,2759
07/07/2018,07 - 08,1926,1145,3071
07/07/2018,08 - 09,2095,1261,3356
07/07/2018,09 - 10,2159,1357,3516
07/07/2018,10 - 11,2216,1406,3622
07/07/2018,11 - 12,2209,1408,3617
07/07/2018,12 - 13,2169,1393,3562
07/07/2018,13 - 14,2162,1392,3554
07/07/2018,14 - 15,2119,1374,3493
07/07/2018,15 - 16,2100,1370,3470
07/07/2018,16 - 17,2103,1380,3483
07/07/2018,17 - 18,2176,1425,3601
07/07/2018,18 - 19,2138,1424,3562
07/07/2018,19 - 20,2048,1377,3425
07/07/2018,20 - 21,1978,1326,3304
07/07/2018,21 - 22,1930,1287,3217
07/07/2018,22 - 23,1884,1278,3162
07/07/2018,23 - 00,1830,1207,3037
08/07/2018,00 - 01,1718,1117,2835
08/07/2018,01 - 02,1644,1057,2701
08/07/2018,02 - 03,1614,1011,2625
08/07/2018,03 - 04,1601,1003,2604
08/07/2018,04 - 05,1563,977,2540
08/07/2018,05 - 06,1518,970,2488
08/07/2018,06 - 07,1577,1014,2591
08/07/2018,07 - 08,1708,1104,2812
08/07/2018,08 - 09,1878,1220,3098
08/07/2018,09 - 10,1976,1314,3290
08/07/2018,10 - 11,2018,1378,3396
08/07/2018,11 - 12,2044,1426,3470
08/07/2018,12 - 13,2033,1428,3461
08/07/2018,13 - 14,2040,1428,3468
08/07/2018,14 - 15,2042,1427,3469
08/07/2018,15 - 16,2049,1404,3453
08/07/2018,16 - 17,2076,1420,3496
08/07/2018,17 - 18,2204,1489,3693
08/07/2018,18 - 19,2232,1503,3735
08/07/2018,19 - 20,2124,1451,3575
08/07/2018,20 - 21,2051,1366,3417
08/07/2018,21 - 22,1972,1306,3278
08/07/2018,22 - 23,1922,1262,3184
08/07/2018,23 - 00,1861,1178,3039
09/07/2018,00 - 01,1821,1099,2920
09/07/2018,01 - 02,1788,1066,2854
09/07/2018,02 - 03,1773,1045,2818
09/07/2018,03 - 04,1742,1046,2788
09/07/2018,04 - 05,1798,1055,2853
09/07/2018,05 - 06,1865,1092,2957
09/07/2018,06 - 07,2117,1240,3357
09/07/2018,07 - 08,2458,1422,3880
09/07/2018,08 - 09,2561,1550,4111
09/07/2018,09 - 10,2650,1615,4265
09/07/2018,10 - 11,2730,1658,4388
09/07/2018,11 - 12,2734,1666,4400
09/07/2018,12 - 13,2693,1663,4356
09/07/2018,13 - 14,2758,1674,4432
09/07/2018,14 - 15,2702,1647,4349
09/07/2018,15 - 16,2618,1614,4232
09/07/2018,16 - 17,2610,1588,4198
09/07/2018,17 - 18,2681,1616,4297
09/07/2018,18 - 19,2605,1574,4179
09/07/2018,19 - 20,2495,1491,3986
09/07/2018,20 - 21,2333,1401,3734
09/07/2018,21 - 22,2222,1312,3534
09/07/2018,22 - 23,2103,1279,3382
09/07/2018,23 - 00,1990,1174,3164
10/07/2018,00 - 01,1863,1095,2958
10/07/2018,01 - 02,1815,1047,2862
10/07/2018,02 - 03,1798,1035,2833
10/07/2018,03 - 04,1796,1036,2832
10/07/2018,04 - 05,1826,1027,2853
10/07/2018,05 - 06,1886,1064,2950
10/07/2018,06 - 07,2137,1232,3369
10/07/2018,07 - 08,2435,1404,3839
10/07/2018,08 - 09,2605,1523,4128
10/07/2018,09 - 10,2647,1595,4242
10/07/2018,10 - 11,2702,1633,4335
10/07/2018,11 - 12,2749,1640,4389
10/07/2018,12 - 13,2716,1630,4346
10/07/2018,13 - 14,2728,1626,4354
10/07/2018,14 - 15,2672,1601,4273
10/07/2018,15 - 16,2569,1563,4132
10/07/2018,16 - 17,2558,1539,4097
10/07/2018,17 - 18,2638,1602,4240
10/07/2018,18 - 19,2582,1573,4155
10/07/2018,19 - 20,2478,1503,3981
10/07/2018,20 - 21,2349,1414,3763
10/07/2018,21 - 22,2248,1330,3578
10/07/2018,22 - 23,2186,1271,3457
10/07/2018,23 - 00,2052,1175,3227
11/07/2018,00 - 01,1931,1088,3019
11/07/2018,01 - 02,1862,1047,2909
11/07/2018,02 - 03,1838,1017,2855
11/07/2018,03 - 04,1826,1011,2837
11/07/2018,04 - 05,1832,994,2826
11/07/2018,05 - 06,1890,1046,2936
11/07/2018,06 - 07,2156,1191,3347
11/07/2018,07 - 08,2463,1385,3848
11/07/2018,08 - 09,2634,1508,4142
11/07/2018,09 - 10,2727,1567,4294
11/07/2018,10 - 11,2835,1624,4459
11/07/2018,11 - 12,2870,1637,4507
11/07/2018,12 - 13,2814,1658,4472
11/07/2018,13 - 14,2802,1635,4437
11/07/2018,14 - 15,2749,1625,4374
11/07/2018,15 - 16,2628,1599,4227
11/07/2018,16 - 17,2572,1571,4143
11/07/2018,17 - 18,2640,1609,4249
11/07/2018,18 - 19,2580,1578,4158
11/07/2018,19 - 20,2448,1503,3951
11/07/2018,20 - 21,2356,1412,3768
11/07/2018,21 - 22,2225,1318,3543
11/07/2018,22 - 23,2173,1282,3455
11/07/2018,23 - 00,2105,1197,3302
12/07/2018,00 - 01,1971,1105,3076
12/07/2018,01 - 02,1898,1057,2955
12/07/2018,02 - 03,1845,1024,2869
12/07/2018,03 - 04,1834,1016,2850
12/07/2018,04 - 05,1840,1012,2852
12/07/2018,05 - 06,1901,1055,2956
12/07/2018,06 - 07,2163,1213,3376
12/07/2018,07 - 08,2461,1404,3865
12/07/2018,08 - 09,2634,1527,4161
12/07/2018,09 - 10,2717,1588,4305
12/07/2018,10 - 11,2789,1635,4424
12/07/2018,11 - 12,2790,1640,4430
12/07/2018,12 - 13,2718,1628,4346
12/07/2018,13 - 14,2773,1629,4402
12/07/2018,14 - 15,2710,1604,4314
12/07/2018,15 - 16,2640,1580,4220
12/07/2018,16 - 17,2560,1557,4117
12/07/2018,17 - 18,2622,1602,4224
12/07/2018,18 - 19,2568,1574,4142
12/07/2018,19 - 20,2442,1500,3942
12/07/2018,20 - 21,2336,1416,3752
12/07/2018,21 - 22,2234,1344,3578
12/07/2018,22 - 23,2171,1302,3473
12/07/2018,23 - 00,2038,1199,3237
13/07/2018,00 - 01,1913,1109,3022
13/07/2018,01 - 02,1839,1056,2895
13/07/2018,02 - 03,1797,1031,2828
13/07/2018,03 - 04,1787,1025,2812
13/07/2018,04 - 05,1784,1019,2803
13/07/2018,05 - 06,1865,1066,2931
13/07/2018,06 - 07,2101,1219,3320
13/07/2018,07 - 08,2373,1404,3777
13/07/2018,08 - 09,2523,1531,4054
13/07/2018,09 - 10,2573,1602,4175
13/07/2018,10 - 11,2650,1656,4306
13/07/2018,11 - 12,2644,1667,4311
13/07/2018,12 - 13,2539,1638,4177
13/07/2018,13 - 14,2484,1612,4096
13/07/2018,14 - 15,2421,1582,4003
13/07/2018,15 - 16,2344,1546,3890
13/07/2018,16 - 17,2345,1517,3862
13/07/2018,17 - 18,2405,1523,3928
13/07/2018,18 - 19,2322,1441,3763
13/07/2018,19 - 20,2208,1369,3577
13/07/2018,20 - 21,2104,1338,3442
13/07/2018,21 - 22,1990,1270,3260
13/07/2018,22 - 23,1920,1258,3178
13/07/2018,23 - 00,1809,1184,2993
14/07/2018,00 - 01,1673,1094,2767
14/07/2018,01 - 02,1609,1039,2648
14/07/2018,02 - 03,1563,1017,2580
14/07/2018,03 - 04,1558,996,2554
14/07/2018,04 - 05,1554,965,2519
14/07/2018,05 - 06,1506,958,2464
14/07/2018,06 - 07,1574,998,2572
14/07/2018,07 - 08,1737,1086,2823
14/07/2018,08 - 09,1867,1196,3063
14/07/2018,09 - 10,2006,1286,3292
14/07/2018,10 - 11,2038,1331,3369
14/07/2018,11 - 12,2029,1341,3370
14/07/2018,12 - 13,1983,1335,3318
14/07/2018,13 - 14,1992,1331,3323
14/07/2018,14 - 15,1958,1313,3271
14/07/2018,15 - 16,1955,1308,3263
14/07/2018,16 - 17,2004,1331,3335
14/07/2018,17 - 18,2108,1374,3482
14/07/2018,18 - 19,2142,1392,3534
14/07/2018,19 - 20,2026,1317,3343
14/07/2018,20 - 21,1879,1261,3140
14/07/2018,21 - 22,1803,1210,3013
14/07/2018,22 - 23,1779,1206,2985
14/07/2018,23 - 00,1715,1140,2855
15/07/2018,00 - 01,1608,1063,2671
15/07/2018,01 - 02,1538,1002,2540
15/07/2018,02 - 03,1535,970,2505
15/07/2018,03 - 04,1516,956,2472
15/07/2018,04 - 05,1480,944,2424
15/07/2018,05 - 06,1455,934,2389
15/07/2018,06 - 07,1517,977,2494
15/07/2018,07 - 08,1625,1056,2681
15/07/2018,08 - 09,1787,1166,2953
15/07/2018,09 - 10,1888,1262,3150
15/07/2018,10 - 11,1958,1329,3287
15/07/2018,11 - 12,1971,1348,3319
15/07/2018,12 - 13,1977,1340,3317
15/07/2018,13 - 14,1954,1335,3289
15/07/2018,14 - 15,1949,1308,3257
15/07/2018,15 - 16,1944,1305,3249
15/07/2018,16 - 17,1990,1332,3322
15/07/2018,17 - 18,2118,1397,3515
15/07/2018,18 - 19,2158,1405,3563
15/07/2018,19 - 20,2078,1367,3445
15/07/2018,20 - 21,1991,1298,3289
15/07/2018,21 - 22,1906,1240,3146
15/07/2018,22 - 23,1878,1224,3102
15/07/2018,23 - 00,1806,1148,2954
16/07/2018,00 - 01,1700,1070,2770
16/07/2018,01 - 02,1643,1016,2659
16/07/2018,02 - 03,1612,993,2605
16/07/2018,03 - 04,1597,987,2584
16/07/2018,04 - 05,1609,973,2582
16/07/2018,05 - 06,1657,1008,2665
16/07/2018,06 - 07,1869,1151,3020
16/07/2018,07 - 08,2120,1323,3443
16/07/2018,08 - 09,2326,1445,3771
16/07/2018,09 - 10,2400,1511,3911
16/07/2018,10 - 11,2469,1566,4035
16/07/2018,11 - 12,2474,1579,4053
16/07/2018,12 - 13,2435,1579,4014
16/07/2018,13 - 14,2440,1593,4033
16/07/2018,14 - 15,2393,1562,3955
16/07/2018,15 - 16,2328,1532,3860
16/07/2018,16 - 17,2296,1520,3816
16/07/2018,17 - 18,2393,1553,3946
16/07/2018,18 - 19,2375,1535,3910
16/07/2018,19 - 20,2268,1461,3729
16/07/2018,20 - 21,2169,1372,3541
16/07/2018,21 - 22,2080,1313,3393
16/07/2018,22 - 23,2035,1295,3330
16/07/2018,23 - 00,1910,1200,3110
17/07/2018,00 - 01,1787,1118,2905
17/07/2018,01 - 02,1715,1062,2777
17/07/2018,02 - 03,1681,1031,2712
17/07/2018,03 - 04,1668,1025,2693
17/07/2018,04 - 05,1671,1021,2692
17/07/2018,05 - 06,1704,1060,2764
17/07/2018,06 - 07,1914,1195,3109
17/07/2018,07 - 08,2164,1373,3537
17/07/2018,08 - 09,2360,1506,3866
17/07/2018,09 - 10,2457,1587,4044
17/07/2018,10 - 11,2530,1636,4166
17/07/2018,11 - 12,2540,1644,4184
17/07/2018,12 - 13,2512,1634,4146
17/07/2018,13 - 14,2525,1624,4149
17/07/2018,14 - 15,2462,1588,4050
17/07/2018,15 - 16,2400,1565,3965
17/07/2018,16 - 17,2388,1553,3941
17/07/2018,17 - 18,2463,1585,4048
17/07/2018,18 - 19,2428,1562,3990
17/07/2018,19 - 20,2315,1461,3776
17/07/2018,20 - 21,2203,1381,3584
17/07/2018,21 - 22,2124,1325,3449
17/07/2018,22 - 23,2106,1292,3398
17/07/2018,23 - 00,1954,1199,3153
18/07/2018,00 - 01,1797,1119,2916
18/07/2018,01 - 02,1748,1074,2822
18/07/2018,02 - 03,1724,1038,2762
18/07/2018,03 - 04,1719,1035,2754
18/07/2018,04 - 05,1733,1043,2776
18/07/2018,05 - 06,1738,1077,2815
18/07/2018,06 - 07,1934,1208,3142
18/07/2018,07 - 08,2167,1366,3533
18/07/2018,08 - 09,2356,1496,3852
18/07/2018,09 - 10,2430,1568,3998
18/07/2018,10 - 11,2532,1631,4163
18/07/2018,11 - 12,2530,1628,4158
18/07/2018,12 - 13,2503,1621,4124
18/07/2018,13 - 14,2505,1619,4124
18/07/2018,14 - 15,2472,1607,4079
18/07/2018,15 - 16,2391,1569,3960
18/07/2018,16 - 17,2338,1542,3880
18/07/2018,17 - 18,2399,1584,3983
18/07/2018,18 - 19,2365,1560,3925
18/07/2018,19 - 20,2259,1445,3704
18/07/2018,20 - 21,2155,1366,3521
18/07/2018,21 - 22,2046,1300,3346
18/07/2018,22 - 23,1981,1271,3252
18/07/2018,23 - 00,1870,1169,3039
19/07/2018,00 - 01,1721,1076,2797
19/07/2018,01 - 02,1664,1029,2693
19/07/2018,02 - 03,1659,1004,2663
19/07/2018,03 - 04,1673,995,2668
19/07/2018,04 - 05,1668,982,2650
19/07/2018,05 - 06,1673,1015,2688
19/07/2018,06 - 07,1859,1134,2993
19/07/2018,07 - 08,2078,1309,3387
19/07/2018,08 - 09,2241,1416,3657
19/07/2018,09 - 10,2323,1478,3801
19/07/2018,10 - 11,2406,1532,3938
19/07/2018,11 - 12,2413,1575,3988
19/07/2018,12 - 13,2393,1562,3955
19/07/2018,13 - 14,2403,1559,3962
19/07/2018,14 - 15,2368,1550,3918
19/07/2018,15 - 16,2327,1508,3835
19/07/2018,16 - 17,2314,1498,3812
19/07/2018,17 - 18,2374,1520,3894
19/07/2018,18 - 19,2356,1508,3864
19/07/2018,19 - 20,2235,1434,3669
19/07/2018,20 - 21,2117,1358,3475
19/07/2018,21 - 22,2030,1297,3327
19/07/2018,22 - 23,1977,1261,3238
19/07/2018,23 - 00,1846,1158,3004
20/07/2018,00 - 01,1731,1089,2820
20/07/2018,01 - 02,1678,1034,2712
20/07/2018,02 - 03,1638,1002,2640
20/07/2018,03 - 04,1629,994,2623
20/07/2018,04 - 05,1647,991,2638
20/07/2018,05 - 06,1672,1021,2693
20/07/2018,06 - 07,1846,1152,2998
20/07/2018,07 - 08,2066,1306,3372
20/07/2018,08 - 09,2224,1434,3658
20/07/2018,09 - 10,2301,1510,3811
20/07/2018,10 - 11,2355,1574,3929
20/07/2018,11 - 12,2327,1588,3915
20/07/2018,12 - 13,2279,1516,3795
20/07/2018,13 - 14,2244,1500,3744
20/07/2018,14 - 15,2199,1469,3668
20/07/2018,15 - 16,2135,1437,3572
20/07/2018,16 - 17,2132,1442,3574
20/07/2018,17 - 18,2223,1466,3689
20/07/2018,18 - 19,2215,1465,3680
20/07/2018,19 - 20,2112,1400,3512
20/07/2018,20 - 21,2010,1317,3327
20/07/2018,21 - 22,1912,1260,3172
20/07/2018,22 - 23,1894,1244,3138
20/07/2018,23 - 00,1783,1170,2953
21/07/2018,00 - 01,1666,1089,2755
21/07/2018,01 - 02,1595,1035,2630
21/07/2018,02 - 03,1550,997,2547
21/07/2018,03 - 04,1540,989,2529
21/07/2018,04 - 05,1536,967,2503
21/07/2018,05 - 06,1522,949,2471
21/07/2018,06 - 07,1568,996,2564
21/07/2018,07 - 08,1685,1089,2774
21/07/2018,08 - 09,1852,1211,3063
21/07/2018,09 - 10,1944,1298,3242
21/07/2018,10 - 11,1970,1353,3323
21/07/2018,11 - 12,1958,1345,3303
21/07/2018,12 - 13,1941,1342,3283
21/07/2018,13 - 14,1913,1328,3241
21/07/2018,14 - 15,1901,1314,3215
21/07/2018,15 - 16,1890,1305,3195
21/07/2018,16 - 17,1937,1322,3259
21/07/2018,17 - 18,2038,1364,3402
21/07/2018,18 - 19,2071,1377,3448
21/07/2018,19 - 20,1989,1337,3326
21/07/2018,20 - 21,1895,1272,3167
21/07/2018,21 - 22,1835,1229,3064
21/07/2018,22 - 23,1799,1228,3027
21/07/2018,23 - 00,1704,1160,2864
22/07/2018,00 - 01,1598,1086,2684
22/07/2018,01 - 02,1536,1031,2567
22/07/2018,02 - 03,1508,998,2506
22/07/2018,03 - 04,1480,984,2464
22/07/2018,04 - 05,1464,972,2436
22/07/2018,05 - 06,1437,951,2388
22/07/2018,06 - 07,1486,984,2470
22/07/2018,07 - 08,1586,1068,2654
22/07/2018,08 - 09,1730,1178,2908
22/07/2018,09 - 10,1842,1275,3117
22/07/2018,10 - 11,1885,1333,3218
22/07/2018,11 - 12,1916,1357,3273
22/07/2018,12 - 13,1932,1356,3288
22/07/2018,13 - 14,1924,1367,3291
22/07/2018,14 - 15,1931,1357,3288
22/07/2018,15 - 16,1899,1339,3238
22/07/2018,16 - 17,1918,1347,3265
22/07/2018,17 - 18,2044,1407,3451
22/07/2018,18 - 19,2086,1430,3516
22/07/2018,19 - 20,2022,1373,3395
22/07/2018,20 - 21,1917,1298,3215
22/07/2018,21 - 22,1842,1258,3100
22/07/2018,22 - 23,1804,1242,3046
22/07/2018,23 - 00,1705,1160,2865
23/07/2018,00 - 01,1615,1079,2694
23/07/2018,01 - 02,1556,1024,2580
23/07/2018,02 - 03,1526,989,2515
23/07/2018,03 - 04,1522,988,2510
23/07/2018,04 - 05,1557,994,2551
23/07/2018,05 - 06,1583,1024,2607
23/07/2018,06 - 07,1779,1159,2938
23/07/2018,07 - 08,1999,1328,3327
23/07/2018,08 - 09,2199,1458,3657
23/07/2018,09 - 10,2305,1528,3833
23/07/2018,10 - 11,2346,1564,3910
23/07/2018,11 - 12,2362,1569,3931
23/07/2018,12 - 13,2357,1571,3928
23/07/2018,13 - 14,2354,1592,3946
23/07/2018,14 - 15,2321,1549,3870
23/07/2018,15 - 16,2295,1522,3817
23/07/2018,16 - 17,2297,1519,3816
23/07/2018,17 - 18,2383,1548,3931
23/07/2018,18 - 19,2343,1521,3864
23/07/2018,19 - 20,2133,1431,3564
23/07/2018,20 - 21,1992,1323,3315
23/07/2018,21 - 22,1896,1278,3174
23/07/2018,22 - 23,1910,1271,3181
23/07/2018,23 - 00,1835,1185,3020
24/07/2018,00 - 01,1730,1099,2829
24/07/2018,01 - 02,1659,1046,2705
24/07/2018,02 - 03,1631,1027,2658
24/07/2018,03 - 04,1622,1022,2644
24/07/2018,04 - 05,1650,1026,2676
24/07/2018,05 - 06,1678,1054,2732
24/07/2018,06 - 07,1855,1177,3032
24/07/2018,07 - 08,2096,1358,3454
24/07/2018,08 - 09,2301,1493,3794
24/07/2018,09 - 10,2386,1575,3961
24/07/2018,10 - 11,2439,1620,4059
24/07/2018,11 - 12,2450,1619,4069
24/07/2018,12 - 13,2434,1603,4037
24/07/2018,13 - 14,2433,1604,4037
24/07/2018,14 - 15,2414,1584,3998
24/07/2018,15 - 16,2352,1553,3905
24/07/2018,16 - 17,2340,1539,3879
24/07/2018,17 - 18,2396,1559,3955
24/07/2018,18 - 19,2352,1534,3886
24/07/2018,19 - 20,2251,1463,3714
24/07/2018,20 - 21,2160,1388,3548
24/07/2018,21 - 22,2050,1315,3365
24/07/2018,22 - 23,2029,1301,3330
24/07/2018,23 - 00,1898,1212,3110
25/07/2018,00 - 01,1785,1121,2906
25/07/2018,01 - 02,1720,1070,2790
25/07/2018,02 - 03,1681,1044,2725
25/07/2018,03 - 04,1658,1038,2696
25/07/2018,04 - 05,1666,1039,2705
25/07/2018,05 - 06,1686,1069,2755
25/07/2018,06 - 07,1876,1194,3070
25/07/2018,07 - 08,2142,1372,3514
25/07/2018,08 - 09,2337,1513,3850
25/07/2018,09 - 10,2423,1600,4023
25/07/2018,10 - 11,2484,1650,4134
25/07/2018,11 - 12,2479,1653,4132
25/07/2018,12 - 13,2458,1637,4095
25/07/2018,13 - 14,2438,1637,4075
25/07/2018,14 - 15,2416,1606,4022
25/07/2018,15 - 16,2388,1577,3965
25/07/2018,16 - 17,2364,1567,3931
25/07/2018,17 - 18,2405,1582,3987
25/07/2018,18 - 19,2384,1572,3956
25/07/2018,19 - 20,2279,1506,3785
25/07/2018,20 - 21,2175,1424,3599
25/07/2018,21 - 22,2093,1379,3472
25/07/2018,22 - 23,2043,1360,3403
25/07/2018,23 - 00,1900,1250,3150
26/07/2018,00 - 01,1771,1146,2917
26/07/2018,01 - 02,1687,1077,2764
26/07/2018,02 - 03,1649,1055,2704
26/07/2018,03 - 04,1650,1045,2695
26/07/2018,04 - 05,1654,1037,2691
26/07/2018,05 - 06,1685,1057,2742
26/07/2018,06 - 07,1886,1191,3077
26/07/2018,07 - 08,2128,1376,3504
26/07/2018,08 - 09,2356,1527,3883
26/07/2018,09 - 10,2464,1602,4066
26/07/2018,10 - 11,2543,1639,4182
26/07/2018,11 - 12,2552,1648,4200
26/07/2018,12 - 13,2537,1648,4185
26/07/2018,13 - 14,2553,1651,4204
26/07/2018,14 - 15,2499,1629,4128
26/07/2018,15 - 16,2367,1592,3959
26/07/2018,16 - 17,2322,1570,3892
26/07/2018,17 - 18,2391,1584,3975
26/07/2018,18 - 19,2382,1554,3936
26/07/2018,19 - 20,2288,1477,3765
26/07/2018,20 - 21,2179,1397,3576
26/07/2018,21 - 22,2105,1348,3453
26/07/2018,22 - 23,2066,1332,3398
26/07/2018,23 - 00,1910,1233,3143
27/07/2018,00 - 01,1791,1141,2932
27/07/2018,01 - 02,1740,1077,2817
27/07/2018,02 - 03,1693,1054,2747
27/07/2018,03 - 04,1680,1053,2733
27/07/2018,04 - 05,1688,1054,2742
27/07/2018,05 - 06,1717,1081,2798
27/07/2018,06 - 07,1903,1210,3113
27/07/2018,07 - 08,2147,1380,3527
27/07/2018,08 - 09,2300,1496,3796
27/07/2018,09 - 10,2349,1569,3918
27/07/2018,10 - 11,2402,1602,4004
27/07/2018,11 - 12,2386,1603,3989
27/07/2018,12 - 13,2390,1607,3997
27/07/2018,13 - 14,2387,1593,3980
27/07/2018,14 - 15,2326,1540,3866
27/07/2018,15 - 16,2284,1511,3795
27/07/2018,16 - 17,2265,1496,3761
27/07/2018,17 - 18,2338,1494,3832
27/07/2018,18 - 19,2367,1429,3796
27/07/2018,19 - 20,2236,1399,3635
27/07/2018,20 - 21,2120,1336,3456
27/07/2018,21 - 22,2044,1283,3327
27/07/2018,22 - 23,2013,1285,3298
27/07/2018,23 - 00,1913,1206,3119
28/07/2018,00 - 01,1781,1132,2913
28/07/2018,01 - 02,1687,1074,2761
28/07/2018,02 - 03,1658,1036,2694
28/07/2018,03 - 04,1643,1020,2663
28/07/2018,04 - 05,1628,1012,2640
28/07/2018,05 - 06,1589,991,2580
28/07/2018,06 - 07,1671,1041,2712
28/07/2018,07 - 08,1791,1140,2931
28/07/2018,08 - 09,1949,1260,3209
28/07/2018,09 - 10,2068,1364,3432
28/07/2018,10 - 11,2137,1419,3556
28/07/2018,11 - 12,2154,1418,3572
28/07/2018,12 - 13,2149,1418,3567
28/07/2018,13 - 14,2113,1410,3523
28/07/2018,14 - 15,2049,1400,3449
28/07/2018,15 - 16,2038,1378,3416
28/07/2018,16 - 17,2044,1381,3425
28/07/2018,17 - 18,2151,1417,3568
28/07/2018,18 - 19,2117,1442,3559
28/07/2018,19 - 20,2050,1378,3428
28/07/2018,20 - 21,1950,1335,3285
28/07/2018,21 - 22,1895,1347,3242
28/07/2018,22 - 23,1841,1313,3154
28/07/2018,23 - 00,1700,1221,2921
29/07/2018,00 - 01,1605,1155,2760
29/07/2018,01 - 02,1550,1092,2642
29/07/2018,02 - 03,1516,1048,2564
29/07/2018,03 - 04,1484,1036,2520
29/07/2018,04 - 05,1461,1024,2485
29/07/2018,05 - 06,1434,986,2420
29/07/2018,06 - 07,1467,1033,2500
29/07/2018,07 - 08,1596,1118,2714
29/07/2018,08 - 09,1744,1223,2967
29/07/2018,09 - 10,1862,1327,3189
29/07/2018,10 - 11,1926,1391,3317
29/07/2018,11 - 12,1933,1403,3336
29/07/2018,12 - 13,1921,1413,3334
29/07/2018,13 - 14,1892,1404,3296
29/07/2018,14 - 15,1886,1376,3262
29/07/2018,15 - 16,1869,1377,3246
29/07/2018,16 - 17,1921,1385,3306
29/07/2018,17 - 18,2092,1458,3550
29/07/2018,18 - 19,2119,1473,3592
29/07/2018,19 - 20,2029,1416,3445
29/07/2018,20 - 21,1956,1354,3310
29/07/2018,21 - 22,1912,1316,3228
29/07/2018,22 - 23,1864,1297,3161
29/07/2018,23 - 00,1719,1226,2945
30/07/2018,00 - 01,1594,1111,2705
30/07/2018,01 - 02,1541,1064,2605
30/07/2018,02 - 03,1533,1035,2568
30/07/2018,03 - 04,1547,1028,2575
30/07/2018,04 - 05,1566,1036,2602
30/07/2018,05 - 06,1635,1073,2708
30/07/2018,06 - 07,1875,1207,3082
30/07/2018,07 - 08,2164,1400,3564
30/07/2018,08 - 09,2298,1514,3812
30/07/2018,09 - 10,2460,1628,4088
30/07/2018,10 - 11,2541,1671,4212
30/07/2018,11 - 12,2562,1675,4237
30/07/2018,12 - 13,2521,1667,4188
30/07/2018,13 - 14,2521,1666,4187
30/07/2018,14 - 15,2486,1629,4115
30/07/2018,15 - 16,2432,1592,4024
30/07/2018,16 - 17,2385,1567,3952
30/07/2018,17 - 18,2445,1612,4057
30/07/2018,18 - 19,2432,1605,4037
30/07/2018,19 - 20,2314,1535,3849
30/07/2018,20 - 21,2200,1443,3643
30/07/2018,21 - 22,2117,1401,3518
30/07/2018,22 - 23,2052,1369,3421
30/07/2018,23 - 00,1898,1259,3157
31/07/2018,00 - 01,1797,1172,2969
31/07/2018,01 - 02,1735,1114,2849
31/07/2018,02 - 03,1696,1082,2778
31/07/2018,03 - 04,1673,1078,2751
31/07/2018,04 - 05,1718,1085,2803
31/07/2018,05 - 06,1766,1110,2876
31/07/2018,06 - 07,1999,1250,3249
31/07/2018,07 - 08,2272,1441,3713
31/07/2018,08 - 09,2458,1563,4021
31/07/2018,09 - 10,2543,1618,4161
31/07/2018,10 - 11,2570,1658,4228
31/07/2018,11 - 12,2558,1648,4206
31/07/2018,12 - 13,2487,1634,4121
31/07/2018,13 - 14,2486,1633,4119
31/07/2018,14 - 15,2433,1592,4025
31/07/2018,15 - 16,2373,1563,3936
31/07/2018,16 - 17,2355,1554,3909
31/07/2018,17 - 18,2554,1610,4164
31/07/2018,18 - 19,2384,1557,3941
31/07/2018,19 - 20,2292,1498,3790
31/07/2018,20 - 21,2201,1422,3623
31/07/2018,21 - 22,2140,1401,3541
31/07/2018,22 - 23,2087,1345,3432
31/07/2018,23 - 00,1917,1250,3167
01/08/2018,00 - 01,1812,1168,2980
01/08/2018,01 - 02,1744,1106,2850
01/08/2018,02 - 03,1689,1082,2771
01/08/2018,03 - 04,1678,1070,2748
01/08/2018,04 - 05,1707,1089,2796
01/08/2018,05 - 06,1759,1123,2882
01/08/2018,06 - 07,1989,1263,3252
01/08/2018,07 - 08,2267,1445,3712
01/08/2018,08 - 09,2450,1573,4023
01/08/2018,09 - 10,2489,1629,4118
01/08/2018,10 - 11,2587,1701,4288
01/08/2018,11 - 12,2582,1711,4293
01/08/2018,12 - 13,2490,1681,4171
01/08/2018,13 - 14,2468,1662,4130
01/08/2018,14 - 15,2410,1636,4046
01/08/2018,15 - 16,2328,1600,3928
01/08/2018,16 - 17,2314,1584,3898
01/08/2018,17 - 18,2421,1613,4034
01/08/2018,18 - 19,2422,1585,4007
01/08/2018,19 - 20,2309,1511,3820
01/08/2018,20 - 21,2208,1426,3634
01/08/2018,21 - 22,2117,1383,3500
01/08/2018,22 - 23,2078,1336,3414
01/08/2018,23 - 00,1930,1226,3156
02/08/2018,00 - 01,1829,1141,2970
02/08/2018,01 - 02,1761,1080,2841
02/08/2018,02 - 03,1701,1051,2752
02/08/2018,03 - 04,1698,1042,2740
02/08/2018,04 - 05,1722,1055,2777
02/08/2018,05 - 06,1784,1084,2868
02/08/2018,06 - 07,1995,1218,3213
02/08/2018,07 - 08,2251,1417,3668
02/08/2018,08 - 09,2464,1554,4018
02/08/2018,09 - 10,2563,1629,4192
02/08/2018,10 - 11,2628,1682,4310
02/08/2018,11 - 12,2617,1686,4303
02/08/2018,12 - 13,2575,1667,4242
02/08/2018,13 - 14,2587,1653,4240
02/08/2018,14 - 15,2537,1626,4163
02/08/2018,15 - 16,2476,1594,4070
02/08/2018,16 - 17,2445,1572,4017
02/08/2018,17 - 18,2499,1586,4085
02/08/2018,18 - 19,2456,1562,4018
02/08/2018,19 - 20,2340,1493,3833
02/08/2018,20 - 21,2208,1416,3624
02/08/2018,21 - 22,2154,1374,3528
02/08/2018,22 - 23,2123,1336,3459
02/08/2018,23 - 00,1956,1224,3180
03/08/2018,00 - 01,1815,1132,2947
03/08/2018,01 - 02,1747,1071,2818
03/08/2018,02 - 03,1704,1066,2770
03/08/2018,03 - 04,1695,1053,2748
03/08/2018,04 - 05,1725,1065,2790
03/08/2018,05 - 06,1771,1095,2866
03/08/2018,06 - 07,1946,1203,3149
03/08/2018,07 - 08,2259,1413,3672
03/08/2018,08 - 09,2464,1567,4031
03/08/2018,09 - 10,2546,1635,4181
03/08/2018,10 - 11,2600,1677,4277
03/08/2018,11 - 12,2590,1669,4259
03/08/2018,12 - 13,2503,1649,4152
03/08/2018,13 - 14,2463,1640,4103
03/08/2018,14 - 15,2393,1611,4004
03/08/2018,15 - 16,2322,1583,3905
03/08/2018,16 - 17,2339,1582,3921
03/08/2018,17 - 18,2425,1595,4020
03/08/2018,18 - 19,2404,1561,3965
03/08/2018,19 - 20,2270,1484,3754
03/08/2018,20 - 21,2146,1389,3535
03/08/2018,21 - 22,2071,1376,3447
03/08/2018,22 - 23,1991,1325,3316
03/08/2018,23 - 00,1844,1206,3050
04/08/2018,00 - 01,1731,1141,2872
04/08/2018,01 - 02,1642,1078,2720
04/08/2018,02 - 03,1610,1055,2665
04/08/2018,03 - 04,1609,1036,2645
04/08/2018,04 - 05,1606,1014,2620
04/08/2018,05 - 06,1595,1004,2599
04/08/2018,06 - 07,1653,1052,2705
04/08/2018,07 - 08,1798,1149,2947
04/08/2018,08 - 09,1951,1264,3215
04/08/2018,09 - 10,2043,1343,3386
04/08/2018,10 - 11,2090,1403,3493
04/08/2018,11 - 12,2095,1411,3506
04/08/2018,12 - 13,2076,1404,3480
04/08/2018,13 - 14,2059,1420,3479
04/08/2018,14 - 15,2096,1406,3502
04/08/2018,15 - 16,2122,1389,3511
04/08/2018,16 - 17,2090,1382,3472
04/08/2018,17 - 18,2135,1428,3563
04/08/2018,18 - 19,2140,1425,3565
04/08/2018,19 - 20,2059,1383,3442
04/08/2018,20 - 21,1937,1335,3272
04/08/2018,21 - 22,1932,1314,3246
04/08/2018,22 - 23,1838,1283,3121
04/08/2018,23 - 00,1757,1212,2969
05/08/2018,00 - 01,1650,1139,2789
05/08/2018,01 - 02,1577,1085,2662
05/08/2018,02 - 03,1529,1044,2573
05/08/2018,03 - 04,1534,1026,2560
05/08/2018,04 - 05,1544,1001,2545
05/08/2018,05 - 06,1505,960,2465
05/08/2018,06 - 07,1552,975,2527
05/08/2018,07 - 08,1647,1046,2693
05/08/2018,08 - 09,1804,1165,2969
05/08/2018,09 - 10,1942,1271,3213
05/08/2018,10 - 11,2035,1332,3367
05/08/2018,11 - 12,2085,1348,3433
05/08/2018,12 - 13,2028,1351,3379
05/08/2018,13 - 14,2033,1367,3400
05/08/2018,14 - 15,2063,1364,3427
05/08/2018,15 - 16,2059,1371,3430
05/08/2018,16 - 17,2098,1378,3476
05/08/2018,17 - 18,2207,1414,3621
05/08/2018,18 - 19,2213,1435,3648
05/08/2018,19 - 20,2114,1396,3510
05/08/2018,20 - 21,2017,1325,3342
05/08/2018,21 - 22,1977,1306,3283
05/08/2018,22 - 23,1903,1244,3147
05/08/2018,23 - 00,1755,1141,2896
06/08/2018,00 - 01,1664,1085,2749
06/08/2018,01 - 02,1620,1027,2647
06/08/2018,02 - 03,1606,995,2601
06/08/2018,03 - 04,1599,981,2580
06/08/2018,04 - 05,1628,998,2626
06/08/2018,05 - 06,1735,1036,2771
06/08/2018,06 - 07,2011,1190,3201
06/08/2018,07 - 08,2363,1383,3746
06/08/2018,08 - 09,2545,1511,4056
06/08/2018,09 - 10,2625,1579,4204
06/08/2018,10 - 11,2750,1631,4381
06/08/2018,11 - 12,2810,1645,4455
06/08/2018,12 - 13,2778,1662,4440
06/08/2018,13 - 14,2849,1671,4520
06/08/2018,14 - 15,2805,1667,4472
06/08/2018,15 - 16,2699,1643,4342
06/08/2018,16 - 17,2614,1617,4231
06/08/2018,17 - 18,2698,1672,4370
06/08/2018,18 - 19,2607,1659,4266
06/08/2018,19 - 20,2459,1564,4023
06/08/2018,20 - 21,2335,1482,3817
06/08/2018,21 - 22,2241,1431,3672
06/08/2018,22 - 23,2184,1337,3521
06/08/2018,23 - 00,2026,1215,3241
07/08/2018,00 - 01,1897,1131,3028
07/08/2018,01 - 02,1832,1066,2898
07/08/2018,02 - 03,1805,1042,2847
07/08/2018,03 - 04,1793,1040,2833
07/08/2018,04 - 05,1813,1055,2868
07/08/2018,05 - 06,1902,1087,2989
07/08/2018,06 - 07,2170,1245,3415
07/08/2018,07 - 08,2491,1457,3948
07/08/2018,08 - 09,2691,1606,4297
07/08/2018,09 - 10,2767,1675,4442
07/08/2018,10 - 11,2846,1703,4549
07/08/2018,11 - 12,2834,1713,4547
07/08/2018,12 - 13,2809,1708,4517
07/08/2018,13 - 14,2820,1691,4511
07/08/2018,14 - 15,2744,1702,4446
07/08/2018,15 - 16,2625,1682,4307
07/08/2018,16 - 17,2593,1595,4188
07/08/2018,17 - 18,2649,1628,4277
07/08/2018,18 - 19,2617,1612,4229
07/08/2018,19 - 20,2518,1527,4045
07/08/2018,20 - 21,2391,1434,3825
07/08/2018,21 - 22,2324,1412,3736
07/08/2018,22 - 23,2256,1346,3602
07/08/2018,23 - 00,2080,1210,3290
08/08/2018,00 - 01,1901,1134,3035
08/08/2018,01 - 02,1850,1075,2925
08/08/2018,02 - 03,1826,1042,2868
08/08/2018,03 - 04,1853,1019,2872
08/08/2018,04 - 05,1881,1048,2929
08/08/2018,05 - 06,1944,1095,3039
08/08/2018,06 - 07,2234,1251,3485
08/08/2018,07 - 08,2578,1468,4046
08/08/2018,08 - 09,2715,1574,4289
08/08/2018,09 - 10,2701,1608,4309
08/08/2018,10 - 11,2746,1655,4401
08/08/2018,11 - 12,2861,1690,4551
08/08/2018,12 - 13,2829,1720,4549
08/08/2018,13 - 14,2864,1740,4604
08/08/2018,14 - 15,2790,1714,4504
08/08/2018,15 - 16,2693,1688,4381
08/08/2018,16 - 17,2713,1674,4387
08/08/2018,17 - 18,2851,1726,4577
08/08/2018,18 - 19,2763,1684,4447
08/08/2018,19 - 20,2628,1577,4205
08/08/2018,20 - 21,2475,1476,3951
08/08/2018,21 - 22,2331,1467,3798
08/08/2018,22 - 23,2202,1375,3577
08/08/2018,23 - 00,2033,1220,3253
09/08/2018,00 - 01,1901,1128,3029
09/08/2018,01 - 02,1800,1073,2873
09/08/2018,02 - 03,1752,1036,2788
09/08/2018,03 - 04,1749,1035,2784
09/08/2018,04 - 05,1792,1052,2844
09/08/2018,05 - 06,1880,1092,2972
09/08/2018,06 - 07,2153,1239,3392
09/08/2018,07 - 08,2469,1450,3919
09/08/2018,08 - 09,2636,1569,4205
09/08/2018,09 - 10,2697,1654,4351
09/08/2018,10 - 11,2807,1688,4495
09/08/2018,11 - 12,2818,1714,4532
09/08/2018,12 - 13,2764,1695,4459
09/08/2018,13 - 14,2786,1685,4471
09/08/2018,14 - 15,2739,1658,4397
09/08/2018,15 - 16,2630,1626,4256
09/08/2018,16 - 17,2606,1608,4214
09/08/2018,17 - 18,2691,1633,4324
09/08/2018,18 - 19,2579,1608,4187
09/08/2018,19 - 20,2502,1523,4025
09/08/2018,20 - 21,2462,1460,3922
09/08/2018,21 - 22,2387,1415,3802
09/08/2018,22 - 23,2203,1286,3489
09/08/2018,23 - 00,2052,1229,3281
10/08/2018,00 - 01,1971,1168,3139
10/08/2018,01 - 02,1926,1094,3020
10/08/2018,02 - 03,1925,1057,2982
10/08/2018,03 - 04,1882,1053,2935
10/08/2018,04 - 05,1925,1046,2971
10/08/2018,05 - 06,2050,1061,3111
10/08/2018,06 - 07,2309,1237,3546
10/08/2018,07 - 08,2518,1405,3923
10/08/2018,08 - 09,2673,1550,4223
10/08/2018,09 - 10,2798,1625,4423
10/08/2018,10 - 11,2844,1648,4492
10/08/2018,11 - 12,2807,1634,4441
10/08/2018,12 - 13,2714,1640,4354
10/08/2018,13 - 14,2648,1595,4243
10/08/2018,14 - 15,2492,1570,4062
10/08/2018,15 - 16,2381,1516,3897
10/08/2018,16 - 17,2371,1456,3827
10/08/2018,17 - 18,2450,1486,3936
10/08/2018,18 - 19,2399,1500,3899
10/08/2018,19 - 20,2199,1407,3606
10/08/2018,20 - 21,2004,1315,3319
10/08/2018,21 - 22,1959,1303,3262
10/08/2018,22 - 23,1909,1250,3159
10/08/2018,23 - 00,1758,1147,2905
11/08/2018,00 - 01,1625,1064,2689
11/08/2018,01 - 02,1578,996,2574
11/08/2018,02 - 03,1521,959,2480
11/08/2018,03 - 04,1505,956,2461
11/08/2018,04 - 05,1509,934,2443
11/08/2018,05 - 06,1516,914,2430
11/08/2018,06 - 07,1578,942,2520
11/08/2018,07 - 08,1760,1058,2818
11/08/2018,08 - 09,1926,1173,3099
11/08/2018,09 - 10,2030,1273,3303
11/08/2018,10 - 11,2082,1318,3400
11/08/2018,11 - 12,2029,1339,3368
11/08/2018,12 - 13,2099,1316,3415
11/08/2018,13 - 14,2012,1307,3319
11/08/2018,14 - 15,2148,1288,3436
11/08/2018,15 - 16,2202,1261,3463
11/08/2018,16 - 17,2180,1304,3484
11/08/2018,17 - 18,2149,1413,3562
11/08/2018,18 - 19,2216,1390,3606
11/08/2018,19 - 20,2012,1323,3335
11/08/2018,20 - 21,1878,1280,3158
11/08/2018,21 - 22,1820,1240,3060
11/08/2018,22 - 23,1733,1154,2887
11/08/2018,23 - 00,1627,1058,2685
12/08/2018,00 - 01,1503,992,2495
12/08/2018,01 - 02,1427,931,2358
12/08/2018,02 - 03,1389,900,2289
12/08/2018,03 - 04,1372,889,2261
12/08/2018,04 - 05,1376,882,2258
12/08/2018,05 - 06,1387,867,2254
12/08/2018,06 - 07,1425,905,2330
12/08/2018,07 - 08,1571,996,2567
12/08/2018,08 - 09,1729,1110,2839
12/08/2018,09 - 10,1838,1214,3052
12/08/2018,10 - 11,1930,1277,3207
12/08/2018,11 - 12,1954,1292,3246
12/08/2018,12 - 13,1930,1301,3231
12/08/2018,13 - 14,1999,1296,3295
12/08/2018,14 - 15,1957,1299,3256
12/08/2018,15 - 16,1993,1321,3314
12/08/2018,16 - 17,2054,1343,3397
12/08/2018,17 - 18,2253,1447,3700
12/08/2018,18 - 19,2251,1478,3729
12/08/2018,19 - 20,2068,1406,3474
12/08/2018,20 - 21,1984,1348,3332
12/08/2018,21 - 22,1954,1313,3267
12/08/2018,22 - 23,1842,1202,3044
12/08/2018,23 - 00,1748,1096,2844
13/08/2018,00 - 01,1665,1019,2684
13/08/2018,01 - 02,1599,967,2566
13/08/2018,02 - 03,1591,945,2536
13/08/2018,03 - 04,1595,949,2544
13/08/2018,04 - 05,1630,973,2603
13/08/2018,05 - 06,1781,1038,2819
13/08/2018,06 - 07,2077,1223,3300
13/08/2018,07 - 08,2420,1428,3848
13/08/2018,08 - 09,2587,1557,4144
13/08/2018,09 - 10,2631,1624,4255
13/08/2018,10 - 11,2725,1668,4393
13/08/2018,11 - 12,2755,1678,4433
13/08/2018,12 - 13,2699,1661,4360
13/08/2018,13 - 14,2744,1648,4392
13/08/2018,14 - 15,2676,1624,4300
13/08/2018,15 - 16,2571,1580,4151
13/08/2018,16 - 17,2524,1570,4094
13/08/2018,17 - 18,2655,1660,4315
13/08/2018,18 - 19,2585,1635,4220
13/08/2018,19 - 20,2471,1540,4011
13/08/2018,20 - 21,2364,1444,3808
13/08/2018,21 - 22,2267,1386,3653
13/08/2018,22 - 23,2104,1242,3346
13/08/2018,23 - 00,1903,1115,3018
14/08/2018,00 - 01,1793,1027,2820
14/08/2018,01 - 02,1743,992,2735
14/08/2018,02 - 03,1715,974,2689
14/08/2018,03 - 04,1735,989,2724
14/08/2018,04 - 05,1782,1006,2788
14/08/2018,05 - 06,1910,1066,2976
14/08/2018,06 - 07,2218,1253,3471
14/08/2018,07 - 08,2522,1449,3971
14/08/2018,08 - 09,2666,1572,4238
14/08/2018,09 - 10,2646,1612,4258
14/08/2018,10 - 11,2767,1643,4410
14/08/2018,11 - 12,2686,1562,4248
14/08/2018,12 - 13,2586,1551,4137
14/08/2018,13 - 14,2717,1629,4346
14/08/2018,14 - 15,2675,1604,4279
14/08/2018,15 - 16,2591,1567,4158
14/08/2018,16 - 17,2557,1563,4120
14/08/2018,17 - 18,2695,1625,4320
14/08/2018,18 - 19,2595,1599,4194
14/08/2018,19 - 20,2423,1490,3913
14/08/2018,20 - 21,2290,1420,3710
14/08/2018,21 - 22,2241,1396,3637
14/08/2018,22 - 23,2103,1272,3375
14/08/2018,23 - 00,1905,1137,3042
15/08/2018,00 - 01,1767,1044,2811
15/08/2018,01 - 02,1675,986,2661
15/08/2018,02 - 03,1656,949,2605
15/08/2018,03 - 04,1673,953,2626
15/08/2018,04 - 05,1708,974,2682
15/08/2018,05 - 06,1826,1038,2864
15/08/2018,06 - 07,2145,1231,3376
15/08/2018,07 - 08,2474,1441,3915
15/08/2018,08 - 09,2616,1568,4184
15/08/2018,09 - 10,2656,1614,4270
15/08/2018,10 - 11,2744,1625,4369
15/08/2018,11 - 12,2751,1633,4384
15/08/2018,12 - 13,2739,1639,4378
15/08/2018,13 - 14,2767,1622,4389
15/08/2018,14 - 15,2693,1594,4287
15/08/2018,15 - 16,2606,1577,4183
15/08/2018,16 - 17,2525,1577,4102
15/08/2018,17 - 18,2604,1637,4241
15/08/2018,18 - 19,2541,1605,4146
15/08/2018,19 - 20,2406,1499,3905
15/08/2018,20 - 21,2289,1420,3709
15/08/2018,21 - 22,2250,1398,3648
15/08/2018,22 - 23,2098,1280,3378
15/08/2018,23 - 00,1935,1142,3077
16/08/2018,00 - 01,1796,1060,2856
16/08/2018,01 - 02,1738,1002,2740
16/08/2018,02 - 03,1711,976,2687
16/08/2018,03 - 04,1724,972,2696
16/08/2018,04 - 05,1759,989,2748
16/08/2018,05 - 06,1901,1063,2964
16/08/2018,06 - 07,2223,1259,3482
16/08/2018,07 - 08,2546,1480,4026
16/08/2018,08 - 09,2721,1597,4318
16/08/2018,09 - 10,2761,1659,4420
16/08/2018,10 - 11,2836,1654,4490
16/08/2018,11 - 12,2811,1677,4488
16/08/2018,12 - 13,2798,1648,4446
16/08/2018,13 - 14,2821,1632,4453
16/08/2018,14 - 15,2763,1616,4379
16/08/2018,15 - 16,2616,1570,4186
16/08/2018,16 - 17,2579,1579,4158
16/08/2018,17 - 18,2692,1643,4335
16/08/2018,18 - 19,2596,1616,4212
16/08/2018,19 - 20,2462,1545,4007
16/08/2018,20 - 21,2325,1469,3794
16/08/2018,21 - 22,2262,1439,3701
16/08/2018,22 - 23,2105,1303,3408
16/08/2018,23 - 00,1942,1163,3105
17/08/2018,00 - 01,1789,1078,2867
17/08/2018,01 - 02,1751,1021,2772
17/08/2018,02 - 03,1722,992,2714
17/08/2018,03 - 04,1710,992,2702
17/08/2018,04 - 05,1761,1006,2767
17/08/2018,05 - 06,1869,1068,2937
17/08/2018,06 - 07,2131,1232,3363
17/08/2018,07 - 08,2454,1463,3917
17/08/2018,08 - 09,2611,1570,4181
17/08/2018,09 - 10,2622,1629,4251
17/08/2018,10 - 11,2678,1665,4343
17/08/2018,11 - 12,2683,1646,4329
17/08/2018,12 - 13,2580,1634,4214
17/08/2018,13 - 14,2525,1616,4141
17/08/2018,14 - 15,2409,1595,4004
17/08/2018,15 - 16,2333,1564,3897
17/08/2018,16 - 17,2311,1558,3869
17/08/2018,17 - 18,2410,1602,4012
17/08/2018,18 - 19,2360,1561,3921
17/08/2018,19 - 20,2185,1449,3634
17/08/2018,20 - 21,2035,1362,3397
17/08/2018,21 - 22,2003,1339,3342
17/08/2018,22 - 23,1901,1243,3144
17/08/2018,23 - 00,1761,1127,2888
18/08/2018,00 - 01,1633,1049,2682
18/08/2018,01 - 02,1572,990,2562
18/08/2018,02 - 03,1537,964,2501
18/08/2018,03 - 04,1534,952,2486
18/08/2018,04 - 05,1530,946,2476
18/08/2018,05 - 06,1548,948,2496
18/08/2018,06 - 07,1627,976,2603
18/08/2018,07 - 08,1811,1094,2905
18/08/2018,08 - 09,1971,1218,3189
18/08/2018,09 - 10,2072,1308,3380
18/08/2018,10 - 11,2098,1360,3458
18/08/2018,11 - 12,2140,1376,3516
18/08/2018,12 - 13,2189,1353,3542
18/08/2018,13 - 14,2178,1346,3524
18/08/2018,14 - 15,2142,1323,3465
18/08/2018,15 - 16,2139,1317,3456
18/08/2018,16 - 17,2156,1329,3485
18/08/2018,17 - 18,2268,1398,3666
18/08/2018,18 - 19,2221,1423,3644
18/08/2018,19 - 20,2042,1341,3383
18/08/2018,20 - 21,1920,1287,3207
18/08/2018,21 - 22,1887,1259,3146
18/08/2018,22 - 23,1811,1172,2983
18/08/2018,23 - 00,1676,1088,2764
19/08/2018,00 - 01,1575,1009,2584
19/08/2018,01 - 02,1493,965,2458
19/08/2018,02 - 03,1462,931,2393
19/08/2018,03 - 04,1445,927,2372
19/08/2018,04 - 05,1451,921,2372
19/08/2018,05 - 06,1490,916,2406
19/08/2018,06 - 07,1529,934,2463
19/08/2018,07 - 08,1659,1022,2681
19/08/2018,08 - 09,1801,1119,2920
19/08/2018,09 - 10,1925,1230,3155
19/08/2018,10 - 11,2012,1318,3330
19/08/2018,11 - 12,2020,1336,3356
19/08/2018,12 - 13,2048,1344,3392
19/08/2018,13 - 14,2055,1342,3397
19/08/2018,14 - 15,2005,1336,3341
19/08/2018,15 - 16,2053,1328,3381
19/08/2018,16 - 17,2140,1374,3514
19/08/2018,17 - 18,2323,1491,3814
19/08/2018,18 - 19,2353,1486,3839
19/08/2018,19 - 20,2221,1415,3636
19/08/2018,20 - 21,2126,1373,3499
19/08/2018,21 - 22,2093,1336,3429
19/08/2018,22 - 23,1919,1207,3126
19/08/2018,23 - 00,1769,1082,2851
20/08/2018,00 - 01,1710,970,2680
20/08/2018,01 - 02,1669,925,2594
20/08/2018,02 - 03,1658,902,2560
20/08/2018,03 - 04,1616,916,2532
20/08/2018,04 - 05,1648,938,2586
20/08/2018,05 - 06,1764,1024,2788
20/08/2018,06 - 07,2172,1229,3401
20/08/2018,07 - 08,2527,1428,3955
20/08/2018,08 - 09,2599,1553,4152
20/08/2018,09 - 10,2672,1615,4287
20/08/2018,10 - 11,2725,1647,4372
20/08/2018,11 - 12,2727,1617,4344
20/08/2018,12 - 13,2658,1612,4270
20/08/2018,13 - 14,2687,1588,4275
20/08/2018,14 - 15,2642,1553,4195
20/08/2018,15 - 16,2522,1504,4026
20/08/2018,16 - 17,2488,1504,3992
20/08/2018,17 - 18,2599,1587,4186
20/08/2018,18 - 19,2543,1567,4110
20/08/2018,19 - 20,2383,1473,3856
20/08/2018,20 - 21,2251,1406,3657
20/08/2018,21 - 22,2234,1367,3601
20/08/2018,22 - 23,2063,1227,3290
20/08/2018,23 - 00,1884,1095,2979
21/08/2018,00 - 01,1779,1012,2791
21/08/2018,01 - 02,1704,957,2661
21/08/2018,02 - 03,1672,935,2607
21/08/2018,03 - 04,1670,938,2608
21/08/2018,04 - 05,1724,956,2680
21/08/2018,05 - 06,1858,1031,2889
21/08/2018,06 - 07,2150,1219,3369
21/08/2018,07 - 08,2453,1424,3877
21/08/2018,08 - 09,2565,1528,4093
21/08/2018,09 - 10,2618,1598,4216
21/08/2018,10 - 11,2679,1624,4303
21/08/2018,11 - 12,2685,1608,4293
21/08/2018,12 - 13,2614,1589,4203
21/08/2018,13 - 14,2637,1580,4217
21/08/2018,14 - 15,2589,1561,4150
21/08/2018,15 - 16,2486,1517,4003
21/08/2018,16 - 17,2479,1514,3993
21/08/2018,17 - 18,2591,1595,4186
21/08/2018,18 - 19,2506,1570,4076
21/08/2018,19 - 20,2376,1477,3853
21/08/2018,20 - 21,2289,1409,3698
21/08/2018,21 - 22,2270,1375,3645
21/08/2018,22 - 23,2100,1238,3338
21/08/2018,23 - 00,1899,1095,2994
22/08/2018,00 - 01,1785,1027,2812
22/08/2018,01 - 02,1734,966,2700
22/08/2018,02 - 03,1713,951,2664
22/08/2018,03 - 04,1724,953,2677
22/08/2018,04 - 05,1762,975,2737
22/08/2018,05 - 06,1895,1051,2946
22/08/2018,06 - 07,2198,1232,3430
22/08/2018,07 - 08,2521,1436,3957
22/08/2018,08 - 09,2669,1534,4203
22/08/2018,09 - 10,2654,1587,4241
22/08/2018,10 - 11,2731,1611,4342
22/08/2018,11 - 12,2735,1603,4338
22/08/2018,12 - 13,2701,1601,4302
22/08/2018,13 - 14,2747,1613,4360
22/08/2018,14 - 15,2731,1601,4332
22/08/2018,15 - 16,2658,1569,4227
22/08/2018,16 - 17,2618,1572,4190
22/08/2018,17 - 18,2744,1631,4375
22/08/2018,18 - 19,2601,1595,4196
22/08/2018,19 - 20,2433,1494,3927
22/08/2018,20 - 21,2332,1429,3761
22/08/2018,21 - 22,2309,1395,3704
22/08/2018,22 - 23,2143,1253,3396
22/08/2018,23 - 00,1948,1119,3067
23/08/2018,00 - 01,1819,1036,2855
23/08/2018,01 - 02,1759,985,2744
23/08/2018,02 - 03,1738,971,2709
23/08/2018,03 - 04,1751,977,2728
23/08/2018,04 - 05,1792,997,2789
23/08/2018,05 - 06,1926,1072,2998
23/08/2018,06 - 07,2216,1257,3473
23/08/2018,07 - 08,2528,1472,4000
23/08/2018,08 - 09,2674,1596,4270
23/08/2018,09 - 10,2707,1651,4358
23/08/2018,10 - 11,2786,1686,4472
23/08/2018,11 - 12,2794,1683,4477
23/08/2018,12 - 13,2776,1674,4450
23/08/2018,13 - 14,2818,1662,4480
23/08/2018,14 - 15,2768,1646,4414
23/08/2018,15 - 16,2601,1618,4219
23/08/2018,16 - 17,2594,1598,4192
23/08/2018,17 - 18,2702,1649,4351
23/08/2018,18 - 19,2621,1603,4224
23/08/2018,19 - 20,2524,1528,4052
23/08/2018,20 - 21,2414,1478,3892
23/08/2018,21 - 22,2250,1391,3641
23/08/2018,22 - 23,2110,1275,3385
23/08/2018,23 - 00,1942,1140,3082
24/08/2018,00 - 01,1814,1056,2870
24/08/2018,01 - 02,1770,995,2765
24/08/2018,02 - 03,1711,959,2670
24/08/2018,03 - 04,1706,960,2666
24/08/2018,04 - 05,1771,974,2745
24/08/2018,05 - 06,1921,1050,2971
24/08/2018,06 - 07,2202,1259,3461
24/08/2018,07 - 08,2531,1486,4017
24/08/2018,08 - 09,2626,1597,4223
24/08/2018,09 - 10,2636,1620,4256
24/08/2018,10 - 11,2709,1625,4334
24/08/2018,11 - 12,2618,1615,4233
24/08/2018,12 - 13,2605,1570,4175
24/08/2018,13 - 14,2654,1555,4209
24/08/2018,14 - 15,2505,1526,4031
24/08/2018,15 - 16,2307,1452,3759
24/08/2018,16 - 17,2428,1445,3873
24/08/2018,17 - 18,2453,1515,3968
24/08/2018,18 - 19,2471,1479,3950
24/08/2018,19 - 20,2207,1396,3603
24/08/2018,20 - 21,2048,1337,3385
24/08/2018,21 - 22,2040,1291,3331
24/08/2018,22 - 23,1906,1182,3088
24/08/2018,23 - 00,1768,1096,2864
25/08/2018,00 - 01,1659,1011,2670
25/08/2018,01 - 02,1591,943,2534
25/08/2018,02 - 03,1574,916,2490
25/08/2018,03 - 04,1549,907,2456
25/08/2018,04 - 05,1583,891,2474
25/08/2018,05 - 06,1625,913,2538
25/08/2018,06 - 07,1668,931,2599
25/08/2018,07 - 08,1802,1053,2855
25/08/2018,08 - 09,1972,1186,3158
25/08/2018,09 - 10,2054,1280,3334
25/08/2018,10 - 11,2102,1329,3431
25/08/2018,11 - 12,2096,1334,3430
25/08/2018,12 - 13,2036,1324,3360
25/08/2018,13 - 14,1941,1298,3239
25/08/2018,14 - 15,1958,1299,3257
25/08/2018,15 - 16,1924,1285,3209
25/08/2018,16 - 17,1959,1340,3299
25/08/2018,17 - 18,2089,1457,3546
25/08/2018,18 - 19,2084,1465,3549
25/08/2018,19 - 20,1958,1377,3335
25/08/2018,20 - 21,1909,1314,3223
25/08/2018,21 - 22,1871,1271,3142
25/08/2018,22 - 23,1755,1177,2932
25/08/2018,23 - 00,1650,1089,2739
26/08/2018,00 - 01,1534,1006,2540
26/08/2018,01 - 02,1483,951,2434
26/08/2018,02 - 03,1457,916,2373
26/08/2018,03 - 04,1485,905,2390
26/08/2018,04 - 05,1468,898,2366
26/08/2018,05 - 06,1504,901,2405
26/08/2018,06 - 07,1508,910,2418
26/08/2018,07 - 08,1631,1013,2644
26/08/2018,08 - 09,1789,1135,2924
26/08/2018,09 - 10,1914,1237,3151
26/08/2018,10 - 11,1956,1297,3253
26/08/2018,11 - 12,1991,1315,3306
26/08/2018,12 - 13,1998,1308,3306
26/08/2018,13 - 14,1958,1288,3246
26/08/2018,14 - 15,1941,1276,3217
26/08/2018,15 - 16,1922,1274,3196
26/08/2018,16 - 17,1994,1299,3293
26/08/2018,17 - 18,2162,1390,3552
26/08/2018,18 - 19,2151,1419,3570
26/08/2018,19 - 20,2049,1351,3400
26/08/2018,20 - 21,2007,1322,3329
26/08/2018,21 - 22,1971,1276,3247
26/08/2018,22 - 23,1817,1162,2979
26/08/2018,23 - 00,1712,1049,2761
27/08/2018,00 - 01,1656,977,2633
27/08/2018,01 - 02,1653,932,2585
27/08/2018,02 - 03,1625,913,2538
27/08/2018,03 - 04,1672,911,2583
27/08/2018,04 - 05,1700,937,2637
27/08/2018,05 - 06,1814,1018,2832
27/08/2018,06 - 07,2165,1216,3381
27/08/2018,07 - 08,2511,1434,3945
27/08/2018,08 - 09,2737,1556,4293
27/08/2018,09 - 10,2785,1585,4370
27/08/2018,10 - 11,2841,1621,4462
27/08/2018,11 - 12,2851,1613,4464
27/08/2018,12 - 13,2765,1597,4362
27/08/2018,13 - 14,2838,1594,4432
27/08/2018,14 - 15,2789,1600,4389
27/08/2018,15 - 16,2651,1570,4221
27/08/2018,16 - 17,2579,1537,4116
27/08/2018,17 - 18,2637,1611,4248
27/08/2018,18 - 19,2626,1611,4237
27/08/2018,19 - 20,2447,1530,3977
27/08/2018,20 - 21,2315,1489,3804
27/08/2018,21 - 22,2265,1392,3657
27/08/2018,22 - 23,2053,1233,3286
27/08/2018,23 - 00,1879,1094,2973
28/08/2018,00 - 01,1770,1011,2781
28/08/2018,01 - 02,1711,959,2670
28/08/2018,02 - 03,1690,940,2630
28/08/2018,03 - 04,1699,937,2636
28/08/2018,04 - 05,1748,966,2714
28/08/2018,05 - 06,1895,1045,2940
28/08/2018,06 - 07,2204,1244,3448
28/08/2018,07 - 08,2482,1465,3947
28/08/2018,08 - 09,2608,1553,4161
28/08/2018,09 - 10,2384,1447,3831
28/08/2018,10 - 11,2660,1595,4255
28/08/2018,11 - 12,2665,1600,4265
28/08/2018,12 - 13,2631,1593,4224
28/08/2018,13 - 14,2668,1590,4258
28/08/2018,14 - 15,2633,1565,4198
28/08/2018,15 - 16,2544,1532,4076
28/08/2018,16 - 17,2531,1539,4070
28/08/2018,17 - 18,2644,1639,4283
28/08/2018,18 - 19,2561,1619,4180
28/08/2018,19 - 20,2407,1526,3933
28/08/2018,20 - 21,2325,1484,3809
28/08/2018,21 - 22,2277,1404,3681
28/08/2018,22 - 23,2103,1260,3363
28/08/2018,23 - 00,1928,1113,3041
29/08/2018,00 - 01,1789,1025,2814
29/08/2018,01 - 02,1714,971,2685
29/08/2018,02 - 03,1678,955,2633
29/08/2018,03 - 04,1689,949,2638
29/08/2018,04 - 05,1752,971,2723
29/08/2018,05 - 06,1891,1059,2950
29/08/2018,06 - 07,2184,1268,3452
29/08/2018,07 - 08,2442,1496,3938
29/08/2018,08 - 09,2568,1578,4146
29/08/2018,09 - 10,2583,1625,4208
29/08/2018,10 - 11,2686,1654,4340
29/08/2018,11 - 12,2669,1649,4318
29/08/2018,12 - 13,2642,1603,4245
29/08/2018,13 - 14,2658,1591,4249
29/08/2018,14 - 15,2651,1582,4233
29/08/2018,15 - 16,2544,1549,4093
29/08/2018,16 - 17,2487,1542,4029
29/08/2018,17 - 18,2597,1596,4193
29/08/2018,18 - 19,2502,1578,4080
29/08/2018,19 - 20,2375,1492,3867
29/08/2018,20 - 21,2312,1458,3770
29/08/2018,21 - 22,2241,1394,3635
29/08/2018,22 - 23,2059,1234,3293
29/08/2018,23 - 00,1862,1094,2956
30/08/2018,00 - 01,1727,1007,2734
30/08/2018,01 - 02,1637,958,2595
30/08/2018,02 - 03,1642,949,2591
30/08/2018,03 - 04,1663,949,2612
30/08/2018,04 - 05,1762,971,2733
30/08/2018,05 - 06,1898,1075,2973
30/08/2018,06 - 07,2176,1290,3466
30/08/2018,07 - 08,2457,1504,3961
30/08/2018,08 - 09,2563,1614,4177
30/08/2018,09 - 10,2599,1674,4273
30/08/2018,10 - 11,2651,1705,4356
30/08/2018,11 - 12,2657,1718,4375
30/08/2018,12 - 13,2559,1725,4284
30/08/2018,13 - 14,2543,1711,4254
30/08/2018,14 - 15,2467,1695,4162
30/08/2018,15 - 16,2430,1652,4082
30/08/2018,16 - 17,2495,1665,4160
30/08/2018,17 - 18,2710,1740,4450
30/08/2018,18 - 19,2629,1688,4317
30/08/2018,19 - 20,2498,1591,4089
30/08/2018,20 - 21,2420,1520,3940
30/08/2018,21 - 22,2305,1436,3741
30/08/2018,22 - 23,2097,1278,3375
30/08/2018,23 - 00,1915,1131,3046
31/08/2018,00 - 01,1813,1050,2863
31/08/2018,01 - 02,1739,991,2730
31/08/2018,02 - 03,1708,968,2676
31/08/2018,03 - 04,1701,959,2660
31/08/2018,04 - 05,1752,964,2716
31/08/2018,05 - 06,1918,1041,2959
31/08/2018,06 - 07,2213,1241,3454
31/08/2018,07 - 08,2533,1461,3994
31/08/2018,08 - 09,2666,1560,4226
31/08/2018,09 - 10,2680,1602,4282
31/08/2018,10 - 11,2730,1620,4350
31/08/2018,11 - 12,2657,1599,4256
31/08/2018,12 - 13,2494,1572,4066
31/08/2018,13 - 14,2450,1514,3964
31/08/2018,14 - 15,2365,1519,3884
31/08/2018,15 - 16,2257,1476,3733
31/08/2018,16 - 17,2259,1486,3745
31/08/2018,17 - 18,2354,1558,3912
31/08/2018,18 - 19,2309,1541,3850
31/08/2018,19 - 20,2165,1463,3628
31/08/2018,20 - 21,2097,1423,3520
31/08/2018,21 - 22,2015,1341,3356
31/08/2018,22 - 23,1870,1222,3092
31/08/2018,23 - 00,1730,1114,2844
01/09/2018,00 - 01,1641,1038,2679
01/09/2018,01 - 02,1576,988,2564
01/09/2018,02 - 03,1539,960,2499
01/09/2018,03 - 04,1529,936,2465
01/09/2018,04 - 05,1548,931,2479
01/09/2018,05 - 06,1585,947,2532
01/09/2018,06 - 07,1641,973,2614
01/09/2018,07 - 08,1776,1079,2855
01/09/2018,08 - 09,1982,1223,3205
01/09/2018,09 - 10,2076,1311,3387
01/09/2018,10 - 11,2098,1354,3452
01/09/2018,11 - 12,2088,1368,3456
01/09/2018,12 - 13,2036,1355,3391
01/09/2018,13 - 14,1996,1346,3342
01/09/2018,14 - 15,1950,1326,3276
01/09/2018,15 - 16,1935,1311,3246
01/09/2018,16 - 17,1979,1331,3310
01/09/2018,17 - 18,2118,1408,3526
01/09/2018,18 - 19,2110,1434,3544
01/09/2018,19 - 20,2011,1381,3392
01/09/2018,20 - 21,1974,1349,3323
01/09/2018,21 - 22,1942,1300,3242
01/09/2018,22 - 23,1818,1203,3021
01/09/2018,23 - 00,1703,1106,2809
02/09/2018,00 - 01,1598,1030,2628
02/09/2018,01 - 02,1541,971,2512
02/09/2018,02 - 03,1512,943,2455
02/09/2018,03 - 04,1497,926,2423
02/09/2018,04 - 05,1508,921,2429
02/09/2018,05 - 06,1539,937,2476
02/09/2018,06 - 07,1578,954,2532
02/09/2018,07 - 08,1695,1045,2740
02/09/2018,08 - 09,1861,1180,3041
02/09/2018,09 - 10,1968,1278,3246
02/09/2018,10 - 11,2010,1343,3353
02/09/2018,11 - 12,2015,1349,3364
02/09/2018,12 - 13,2001,1353,3354
02/09/2018,13 - 14,1992,1337,3329
02/09/2018,14 - 15,1966,1328,3294
02/09/2018,15 - 16,1961,1322,3283
02/09/2018,16 - 17,2020,1349,3369
02/09/2018,17 - 18,2227,1461,3688
02/09/2018,18 - 19,2217,1467,3684
02/09/2018,19 - 20,2108,1398,3506
02/09/2018,20 - 21,2069,1374,3443
02/09/2018,21 - 22,2015,1315,3330
02/09/2018,22 - 23,1848,1179,3027
02/09/2018,23 - 00,1698,1065,2763
03/09/2018,00 - 01,1633,985,2618
03/09/2018,01 - 02,1609,942,2551
03/09/2018,02 - 03,1609,920,2529
03/09/2018,03 - 04,1611,931,2542
03/09/2018,04 - 05,1679,956,2635
03/09/2018,05 - 06,1839,1044,2883
03/09/2018,06 - 07,2177,1243,3420
03/09/2018,07 - 08,2510,1462,3972
03/09/2018,08 - 09,2642,1555,4197
03/09/2018,09 - 10,2673,1585,4258
03/09/2018,10 - 11,2715,1606,4321
03/09/2018,11 - 12,2710,1609,4319
03/09/2018,12 - 13,2642,1601,4243
03/09/2018,13 - 14,2649,1608,4257
03/09/2018,14 - 15,2578,1577,4155
03/09/2018,15 - 16,2507,1556,4063
03/09/2018,16 - 17,2486,1553,4039
03/09/2018,17 - 18,2603,1639,4242
03/09/2018,18 - 19,2529,1618,4147
03/09/2018,19 - 20,2392,1532,3924
03/09/2018,20 - 21,2369,1501,3870
03/09/2018,21 - 22,2248,1409,3657
03/09/2018,22 - 23,2087,1258,3345
03/09/2018,23 - 00,1913,1113,3026
04/09/2018,00 - 01,1792,1031,2823
04/09/2018,01 - 02,1733,981,2714
04/09/2018,02 - 03,1715,961,2676
04/09/2018,03 - 04,1719,950,2669
04/09/2018,04 - 05,1771,969,2740
04/09/2018,05 - 06,1906,1069,2975
04/09/2018,06 - 07,2240,1271,3511
04/09/2018,07 - 08,2538,1463,4001
04/09/2018,08 - 09,2634,1550,4184
04/09/2018,09 - 10,2677,1597,4274
04/09/2018,10 - 11,2739,1615,4354
04/09/2018,11 - 12,2758,1613,4371
04/09/2018,12 - 13,2701,1617,4318
04/09/2018,13 - 14,2719,1607,4326
04/09/2018,14 - 15,2639,1591,4230
04/09/2018,15 - 16,2560,1559,4119
04/09/2018,16 - 17,2521,1557,4078
04/09/2018,17 - 18,2617,1637,4254
04/09/2018,18 - 19,2518,1626,4144
04/09/2018,19 - 20,2390,1545,3935
04/09/2018,20 - 21,2362,1527,3889
04/09/2018,21 - 22,2285,1436,3721
04/09/2018,22 - 23,2098,1286,3384
04/09/2018,23 - 00,1905,1150,3055
05/09/2018,00 - 01,1793,1071,2864
05/09/2018,01 - 02,1745,1022,2767
05/09/2018,02 - 03,1724,999,2723
05/09/2018,03 - 04,1738,998,2736
05/09/2018,04 - 05,1783,1014,2797
05/09/2018,05 - 06,1925,1109,3034
05/09/2018,06 - 07,2231,1307,3538
05/09/2018,07 - 08,2516,1513,4029
05/09/2018,08 - 09,2644,1633,4277
05/09/2018,09 - 10,2671,1662,4333
05/09/2018,10 - 11,2753,1685,4438
05/09/2018,11 - 12,2754,1684,4438
05/09/2018,12 - 13,2738,1675,4413
05/09/2018,13 - 14,2772,1676,4448
05/09/2018,14 - 15,2687,1649,4336
05/09/2018,15 - 16,2573,1591,4164
05/09/2018,16 - 17,2494,1588,4082
05/09/2018,17 - 18,2584,1666,4250
05/09/2018,18 - 19,2484,1620,4104
05/09/2018,19 - 20,2383,1534,3917
05/09/2018,20 - 21,2291,1511,3802
05/09/2018,21 - 22,2244,1428,3672
05/09/2018,22 - 23,2086,1294,3380
05/09/2018,23 - 00,1894,1152,3046
06/09/2018,00 - 01,1782,1062,2844
06/09/2018,01 - 02,1715,1013,2728
06/09/2018,02 - 03,1705,986,2691
06/09/2018,03 - 04,1707,981,2688
06/09/2018,04 - 05,1756,1003,2759
06/09/2018,05 - 06,1884,1094,2978
06/09/2018,06 - 07,2200,1286,3486
06/09/2018,07 - 08,2507,1491,3998
06/09/2018,08 - 09,2635,1581,4216
06/09/2018,09 - 10,2666,1620,4286
06/09/2018,10 - 11,2730,1650,4380
06/09/2018,11 - 12,2725,1641,4366
06/09/2018,12 - 13,2688,1639,4327
06/09/2018,13 - 14,2718,1641,4359
06/09/2018,14 - 15,2668,1609,4277
06/09/2018,15 - 16,2558,1569,4127
06/09/2018,16 - 17,2540,1574,4114
06/09/2018,17 - 18,2596,1629,4225
06/09/2018,18 - 19,2565,1620,4185
06/09/2018,19 - 20,2432,1544,3976
06/09/2018,20 - 21,2444,1535,3979
06/09/2018,21 - 22,2302,1436,3738
06/09/2018,22 - 23,2166,1275,3441
06/09/2018,23 - 00,1972,1154,3126
07/09/2018,00 - 01,1847,1064,2911
07/09/2018,01 - 02,1821,1032,2853
07/09/2018,02 - 03,1804,1019,2823
07/09/2018,03 - 04,1771,1009,2780
07/09/2018,04 - 05,1835,1030,2865
07/09/2018,05 - 06,1979,1114,3093
07/09/2018,06 - 07,2303,1307,3610
07/09/2018,07 - 08,2567,1491,4058
07/09/2018,08 - 09,2711,1599,4310
07/09/2018,09 - 10,2729,1640,4369
07/09/2018,10 - 11,2743,1643,4386
07/09/2018,11 - 12,2741,1642,4383
07/09/2018,12 - 13,2633,1609,4242
07/09/2018,13 - 14,2549,1583,4132
07/09/2018,14 - 15,2444,1550,3994
07/09/2018,15 - 16,2382,1524,3906
07/09/2018,16 - 17,2453,1552,4005
07/09/2018,17 - 18,2534,1614,4148
07/09/2018,18 - 19,2405,1606,4011
07/09/2018,19 - 20,2260,1488,3748
07/09/2018,20 - 21,2187,1440,3627
07/09/2018,21 - 22,2082,1332,3414
07/09/2018,22 - 23,1940,1215,3155
07/09/2018,23 - 00,1787,1109,2896
08/09/2018,00 - 01,1647,1021,2668
08/09/2018,01 - 02,1609,966,2575
08/09/2018,02 - 03,1544,949,2493
08/09/2018,03 - 04,1532,930,2462
08/09/2018,04 - 05,1563,926,2489
08/09/2018,05 - 06,1631,950,2581
08/09/2018,06 - 07,1716,983,2699
08/09/2018,07 - 08,1837,1090,2927
08/09/2018,08 - 09,1980,1222,3202
08/09/2018,09 - 10,2198,1305,3503
08/09/2018,10 - 11,2190,1339,3529
08/09/2018,11 - 12,2199,1331,3530
08/09/2018,12 - 13,2252,1339,3591
08/09/2018,13 - 14,2230,1352,3582
08/09/2018,14 - 15,2209,1353,3562
08/09/2018,15 - 16,2132,1353,3485
08/09/2018,16 - 17,2146,1357,3503
08/09/2018,17 - 18,2200,1431,3631
08/09/2018,18 - 19,2174,1427,3601
08/09/2018,19 - 20,2089,1366,3455
08/09/2018,20 - 21,1999,1352,3351
08/09/2018,21 - 22,1926,1282,3208
08/09/2018,22 - 23,1783,1195,2978
08/09/2018,23 - 00,1635,1101,2736
09/09/2018,00 - 01,1596,1021,2617
09/09/2018,01 - 02,1535,974,2509
09/09/2018,02 - 03,1510,938,2448
09/09/2018,03 - 04,1518,913,2431
09/09/2018,04 - 05,1528,916,2444
09/09/2018,05 - 06,1553,940,2493
09/09/2018,06 - 07,1607,966,2573
09/09/2018,07 - 08,1732,1052,2784
09/09/2018,08 - 09,1898,1180,3078
09/09/2018,09 - 10,2037,1269,3306
09/09/2018,10 - 11,2015,1309,3324
09/09/2018,11 - 12,2047,1309,3356
09/09/2018,12 - 13,2082,1303,3385
09/09/2018,13 - 14,2069,1298,3367
09/09/2018,14 - 15,2055,1314,3369
09/09/2018,15 - 16,2069,1314,3383
09/09/2018,16 - 17,2138,1359,3497
09/09/2018,17 - 18,2301,1486,3787
09/09/2018,18 - 19,2233,1489,3722
09/09/2018,19 - 20,2115,1433,3548
09/09/2018,20 - 21,2110,1417,3527
09/09/2018,21 - 22,2006,1320,3326
09/09/2018,22 - 23,1833,1179,3012
09/09/2018,23 - 00,1723,1070,2793
10/09/2018,00 - 01,1646,1008,2654
10/09/2018,01 - 02,1609,953,2562
10/09/2018,02 - 03,1613,928,2541
10/09/2018,03 - 04,1640,918,2558
10/09/2018,04 - 05,1653,943,2596
10/09/2018,05 - 06,1778,1040,2818
10/09/2018,06 - 07,2170,1254,3424
10/09/2018,07 - 08,2399,1455,3854
10/09/2018,08 - 09,2575,1596,4171
10/09/2018,09 - 10,2608,1681,4289
10/09/2018,10 - 11,2567,1694,4261
10/09/2018,11 - 12,2740,1733,4473
10/09/2018,12 - 13,2620,1727,4347
10/09/2018,13 - 14,2745,1707,4452
10/09/2018,14 - 15,2700,1669,4369
10/09/2018,15 - 16,2560,1610,4170
10/09/2018,16 - 17,2541,1605,4146
10/09/2018,17 - 18,2625,1697,4322
10/09/2018,18 - 19,2537,1682,4219
10/09/2018,19 - 20,2416,1619,4035
10/09/2018,20 - 21,2367,1561,3928
10/09/2018,21 - 22,2222,1432,3654
10/09/2018,22 - 23,2033,1271,3304
10/09/2018,23 - 00,1869,1134,3003
11/09/2018,00 - 01,1759,1047,2806
11/09/2018,01 - 02,1712,995,2707
11/09/2018,02 - 03,1667,985,2652
11/09/2018,03 - 04,1695,981,2676
11/09/2018,04 - 05,1730,996,2726
11/09/2018,05 - 06,1887,1096,2983
11/09/2018,06 - 07,2237,1302,3539
11/09/2018,07 - 08,2578,1487,4065
11/09/2018,08 - 09,2725,1585,4310
11/09/2018,09 - 10,2808,1650,4458
11/09/2018,10 - 11,2950,1674,4624
11/09/2018,11 - 12,2876,1677,4553
11/09/2018,12 - 13,3608,1782,5390
11/09/2018,13 - 14,3018,1639,4657
11/09/2018,14 - 15,2951,1639,4590
11/09/2018,15 - 16,2839,1632,4471
11/09/2018,16 - 17,2757,1630,4387
11/09/2018,17 - 18,2833,1718,4551
11/09/2018,18 - 19,2721,1700,4421
11/09/2018,19 - 20,2589,1616,4205
11/09/2018,20 - 21,2493,1556,4049
11/09/2018,21 - 22,2330,1442,3772
11/09/2018,22 - 23,2141,1294,3435
11/09/2018,23 - 00,1966,1158,3124
12/09/2018,00 - 01,1769,1054,2823
12/09/2018,01 - 02,1729,1020,2749
12/09/2018,02 - 03,1715,999,2714
12/09/2018,03 - 04,1727,991,2718
12/09/2018,04 - 05,1760,1012,2772
12/09/2018,05 - 06,1913,1113,3026
12/09/2018,06 - 07,2340,1365,3705
12/09/2018,07 - 08,2634,1558,4192
12/09/2018,08 - 09,2717,1628,4345
12/09/2018,09 - 10,2723,1665,4388
12/09/2018,10 - 11,2761,1665,4426
12/09/2018,11 - 12,2748,1687,4435
12/09/2018,12 - 13,2692,1684,4376
12/09/2018,13 - 14,2741,1698,4439
12/09/2018,14 - 15,2709,1653,4362
12/09/2018,15 - 16,2550,1625,4175
12/09/2018,16 - 17,2562,1623,4185
12/09/2018,17 - 18,2701,1702,4403
12/09/2018,18 - 19,2602,1665,4267
12/09/2018,19 - 20,2452,1600,4052
12/09/2018,20 - 21,2461,1570,4031
12/09/2018,21 - 22,2326,1458,3784
12/09/2018,22 - 23,2104,1294,3398
12/09/2018,23 - 00,1911,1160,3071
13/09/2018,00 - 01,1790,1070,2860
13/09/2018,01 - 02,1735,1019,2754
13/09/2018,02 - 03,1706,1012,2718
13/09/2018,03 - 04,1714,1009,2723
13/09/2018,04 - 05,1753,1030,2783
13/09/2018,05 - 06,1906,1132,3038
13/09/2018,06 - 07,2246,1345,3591
13/09/2018,07 - 08,2512,1537,4049
13/09/2018,08 - 09,2649,1631,4280
13/09/2018,09 - 10,2653,1648,4301
13/09/2018,10 - 11,2710,1670,4380
13/09/2018,11 - 12,2727,1667,4394
13/09/2018,12 - 13,2636,1674,4310
13/09/2018,13 - 14,2667,1662,4329
13/09/2018,14 - 15,2668,1621,4289
13/09/2018,15 - 16,2604,1588,4192
13/09/2018,16 - 17,2561,1600,4161
13/09/2018,17 - 18,2656,1687,4343
13/09/2018,18 - 19,2548,1650,4198
13/09/2018,19 - 20,2438,1596,4034
13/09/2018,20 - 21,2408,1563,3971
13/09/2018,21 - 22,2271,1435,3706
13/09/2018,22 - 23,2070,1291,3361
13/09/2018,23 - 00,1905,1156,3061
14/09/2018,00 - 01,1794,1086,2880
14/09/2018,01 - 02,1763,1022,2785
14/09/2018,02 - 03,1730,1001,2731
14/09/2018,03 - 04,1735,998,2733
14/09/2018,04 - 05,1781,1015,2796
14/09/2018,05 - 06,1923,1110,3033
14/09/2018,06 - 07,2291,1331,3622
14/09/2018,07 - 08,2572,1525,4097
14/09/2018,08 - 09,2682,1623,4305
14/09/2018,09 - 10,2665,1651,4316
14/09/2018,10 - 11,2728,1671,4399
14/09/2018,11 - 12,2698,1667,4365
14/09/2018,12 - 13,2611,1638,4249
14/09/2018,13 - 14,2557,1600,4157
14/09/2018,14 - 15,2437,1566,4003
14/09/2018,15 - 16,2389,1529,3918
14/09/2018,16 - 17,2431,1544,3975
14/09/2018,17 - 18,2493,1666,4159
14/09/2018,18 - 19,2444,1641,4085
14/09/2018,19 - 20,2295,1564,3859
14/09/2018,20 - 21,2229,1490,3719
14/09/2018,21 - 22,2097,1375,3472
14/09/2018,22 - 23,1981,1253,3234
14/09/2018,23 - 00,1755,1140,2895
15/09/2018,00 - 01,1617,1055,2672
15/09/2018,01 - 02,1570,988,2558
15/09/2018,02 - 03,1548,950,2498
15/09/2018,03 - 04,1538,938,2476
15/09/2018,04 - 05,1556,929,2485
15/09/2018,05 - 06,1597,959,2556
15/09/2018,06 - 07,1693,1011,2704
15/09/2018,07 - 08,1841,1121,2962
15/09/2018,08 - 09,1999,1261,3260
15/09/2018,09 - 10,2060,1349,3409
15/09/2018,10 - 11,2095,1376,3471
15/09/2018,11 - 12,2088,1380,3468
15/09/2018,12 - 13,2075,1375,3450
15/09/2018,13 - 14,2051,1356,3407
15/09/2018,14 - 15,2027,1356,3383
15/09/2018,15 - 16,1959,1340,3299
15/09/2018,16 - 17,2002,1368,3370
15/09/2018,17 - 18,2131,1473,3604
15/09/2018,18 - 19,2133,1501,3634
15/09/2018,19 - 20,2028,1442,3470
15/09/2018,20 - 21,1989,1410,3399
15/09/2018,21 - 22,1900,1313,3213
15/09/2018,22 - 23,1782,1228,3010
15/09/2018,23 - 00,1663,1133,2796
16/09/2018,00 - 01,1590,1061,2651
16/09/2018,01 - 02,1523,1005,2528
16/09/2018,02 - 03,1466,976,2442
16/09/2018,03 - 04,1464,963,2427
16/09/2018,04 - 05,1479,968,2447
16/09/2018,05 - 06,1522,985,2507
16/09/2018,06 - 07,1607,1034,2641
16/09/2018,07 - 08,1713,1116,2829
16/09/2018,08 - 09,1883,1245,3128
16/09/2018,09 - 10,1993,1328,3321
16/09/2018,10 - 11,2043,1364,3407
16/09/2018,11 - 12,2053,1375,3428
16/09/2018,12 - 13,2081,1368,3449
16/09/2018,13 - 14,2106,1383,3489
16/09/2018,14 - 15,2101,1386,3487
16/09/2018,15 - 16,2040,1374,3414
16/09/2018,16 - 17,2124,1413,3537
16/09/2018,17 - 18,2320,1547,3867
16/09/2018,18 - 19,2299,1578,3877
16/09/2018,19 - 20,2266,1545,3811
16/09/2018,20 - 21,2179,1494,3673
16/09/2018,21 - 22,2018,1368,3386
16/09/2018,22 - 23,1862,1220,3082
16/09/2018,23 - 00,1784,1098,2882
17/09/2018,00 - 01,1709,1018,2727
17/09/2018,01 - 02,1650,965,2615
17/09/2018,02 - 03,1627,934,2561
17/09/2018,03 - 04,1604,927,2531
17/09/2018,04 - 05,1652,964,2616
17/09/2018,05 - 06,1832,1074,2906
17/09/2018,06 - 07,2225,1301,3526
17/09/2018,07 - 08,2459,1480,3939
17/09/2018,08 - 09,2595,1592,4187
17/09/2018,09 - 10,2633,1643,4276
17/09/2018,10 - 11,2708,1670,4378
17/09/2018,11 - 12,2705,1673,4378
17/09/2018,12 - 13,2642,1669,4311
17/09/2018,13 - 14,2646,1664,4310
17/09/2018,14 - 15,2615,1640,4255
17/09/2018,15 - 16,2540,1612,4152
17/09/2018,16 - 17,2460,1599,4059
17/09/2018,17 - 18,2637,1734,4371
17/09/2018,18 - 19,2546,1723,4269
17/09/2018,19 - 20,2441,1663,4104
17/09/2018,20 - 21,2392,1588,3980
17/09/2018,21 - 22,2236,1450,3686
17/09/2018,22 - 23,2070,1302,3372
17/09/2018,23 - 00,1907,1170,3077
18/09/2018,00 - 01,1802,1077,2879
18/09/2018,01 - 02,1760,1024,2784
18/09/2018,02 - 03,1731,998,2729
18/09/2018,03 - 04,1735,992,2727
18/09/2018,04 - 05,1770,1015,2785
18/09/2018,05 - 06,1906,1110,3016
18/09/2018,06 - 07,2250,1345,3595
18/09/2018,07 - 08,2548,1549,4097
18/09/2018,08 - 09,2673,1635,4308
18/09/2018,09 - 10,2655,1662,4317
18/09/2018,10 - 11,2705,1669,4374
18/09/2018,11 - 12,2694,1664,4358
18/09/2018,12 - 13,2658,1652,4310
18/09/2018,13 - 14,2685,1656,4341
18/09/2018,14 - 15,2628,1644,4272
18/09/2018,15 - 16,2552,1624,4176
18/09/2018,16 - 17,2600,1636,4236
18/09/2018,17 - 18,2756,1703,4459
18/09/2018,18 - 19,2686,1678,4364
18/09/2018,19 - 20,2582,1653,4235
18/09/2018,20 - 21,2541,1592,4133
18/09/2018,21 - 22,2361,1476,3837
18/09/2018,22 - 23,2149,1323,3472
18/09/2018,23 - 00,1950,1174,3124
19/09/2018,00 - 01,1821,1079,2900
19/09/2018,01 - 02,1746,1022,2768
19/09/2018,02 - 03,1704,999,2703
19/09/2018,03 - 04,1734,995,2729
19/09/2018,04 - 05,1804,1013,2817
19/09/2018,05 - 06,1938,1110,3048
19/09/2018,06 - 07,2309,1339,3648
19/09/2018,07 - 08,2568,1537,4105
19/09/2018,08 - 09,2633,1619,4252
19/09/2018,09 - 10,2588,1625,4213
19/09/2018,10 - 11,2777,1692,4469
19/09/2018,11 - 12,2753,1669,4422
19/09/2018,12 - 13,2685,1574,4259
19/09/2018,13 - 14,2794,1676,4470
19/09/2018,14 - 15,2732,1654,4386
19/09/2018,15 - 16,2621,1633,4254
19/09/2018,16 - 17,2646,1642,4288
19/09/2018,17 - 18,2813,1723,4536
19/09/2018,18 - 19,2675,1716,4391
19/09/2018,19 - 20,2612,1676,4288
19/09/2018,20 - 21,2908,1628,4536
19/09/2018,21 - 22,2414,1514,3928
19/09/2018,22 - 23,2224,1363,3587
19/09/2018,23 - 00,2031,1197,3228
20/09/2018,00 - 01,1877,1069,2946
20/09/2018,01 - 02,1838,1006,2844
20/09/2018,02 - 03,1783,975,2758
20/09/2018,03 - 04,1725,968,2693
20/09/2018,04 - 05,1763,996,2759
20/09/2018,05 - 06,1986,1105,3091
20/09/2018,06 - 07,2287,1327,3614
20/09/2018,07 - 08,2593,1542,4135
20/09/2018,08 - 09,2744,1612,4356
20/09/2018,09 - 10,2764,1622,4386
20/09/2018,10 - 11,2793,1655,4448
20/09/2018,11 - 12,2846,1654,4500
20/09/2018,12 - 13,2759,1682,4441
20/09/2018,13 - 14,2750,1679,4429
20/09/2018,14 - 15,2707,1642,4349
20/09/2018,15 - 16,2617,1598,4215
20/09/2018,16 - 17,2596,1588,4184
20/09/2018,17 - 18,2557,1671,4228
20/09/2018,18 - 19,2466,1657,4123
20/09/2018,19 - 20,2395,1610,4005
20/09/2018,20 - 21,2313,1533,3846
20/09/2018,21 - 22,2256,1455,3711
20/09/2018,22 - 23,2081,1314,3395
20/09/2018,23 - 00,1911,1177,3088
21/09/2018,00 - 01,1847,1105,2952
21/09/2018,01 - 02,1870,1036,2906
21/09/2018,02 - 03,1853,1007,2860
21/09/2018,03 - 04,1806,1004,2810
21/09/2018,04 - 05,1819,1023,2842
21/09/2018,05 - 06,1960,1106,3066
21/09/2018,06 - 07,2300,1311,3611
21/09/2018,07 - 08,2642,1498,4140
21/09/2018,08 - 09,2716,1588,4304
21/09/2018,09 - 10,2708,1635,4343
21/09/2018,10 - 11,2839,1660,4499
21/09/2018,11 - 12,2854,1647,4501
21/09/2018,12 - 13,2773,1643,4416
21/09/2018,13 - 14,2694,1635,4329
21/09/2018,14 - 15,2490,1604,4094
21/09/2018,15 - 16,2386,1571,3957
21/09/2018,16 - 17,2364,1591,3955
21/09/2018,17 - 18,2442,1655,4097
21/09/2018,18 - 19,2423,1628,4051
21/09/2018,19 - 20,2312,1563,3875
21/09/2018,20 - 21,2200,1475,3675
21/09/2018,21 - 22,2076,1318,3394
21/09/2018,22 - 23,1906,1204,3110
21/09/2018,23 - 00,1793,1103,2896
22/09/2018,00 - 01,1713,1019,2732
22/09/2018,01 - 02,1672,1011,2683
22/09/2018,02 - 03,1621,984,2605
22/09/2018,03 - 04,1585,959,2544
22/09/2018,04 - 05,1593,956,2549
22/09/2018,05 - 06,1656,975,2631
22/09/2018,06 - 07,1748,1035,2783
22/09/2018,07 - 08,1897,1104,3001
22/09/2018,08 - 09,2060,1243,3303
22/09/2018,09 - 10,2185,1340,3525
22/09/2018,10 - 11,2228,1389,3617
22/09/2018,11 - 12,2195,1409,3604
22/09/2018,12 - 13,2255,1419,3674
22/09/2018,13 - 14,2211,1429,3640
22/09/2018,14 - 15,2151,1404,3555
22/09/2018,15 - 16,2079,1385,3464
22/09/2018,16 - 17,2131,1414,3545
22/09/2018,17 - 18,2199,1497,3696
22/09/2018,18 - 19,2191,1507,3698
22/09/2018,19 - 20,2103,1460,3563
22/09/2018,20 - 21,2034,1388,3422
22/09/2018,21 - 22,1884,1285,3169
22/09/2018,22 - 23,1760,1183,2943
22/09/2018,23 - 00,1618,1097,2715
23/09/2018,00 - 01,1540,1037,2577
23/09/2018,01 - 02,1546,991,2537
23/09/2018,02 - 03,1500,952,2452
23/09/2018,03 - 04,1481,945,2426
23/09/2018,04 - 05,1478,947,2425
23/09/2018,05 - 06,1505,970,2475
23/09/2018,06 - 07,1595,1037,2632
23/09/2018,07 - 08,1694,1118,2812
23/09/2018,08 - 09,1864,1241,3105
23/09/2018,09 - 10,1932,1327,3259
23/09/2018,10 - 11,2015,1372,3387
23/09/2018,11 - 12,2023,1391,3414
23/09/2018,12 - 13,2028,1380,3408
23/09/2018,13 - 14,2009,1383,3392
23/09/2018,14 - 15,2004,1384,3388
23/09/2018,15 - 16,1978,1390,3368
23/09/2018,16 - 17,2043,1442,3485
23/09/2018,17 - 18,2268,1569,3837
23/09/2018,18 - 19,2306,1583,3889
23/09/2018,19 - 20,2261,1561,3822
23/09/2018,20 - 21,2184,1487,3671
23/09/2018,21 - 22,2032,1368,3400
23/09/2018,22 - 23,1880,1235,3115
23/09/2018,23 - 00,1744,1112,2856
24/09/2018,00 - 01,1733,1009,2742
24/09/2018,01 - 02,1666,961,2627
24/09/2018,02 - 03,1646,958,2604
24/09/2018,03 - 04,1677,956,2633
24/09/2018,04 - 05,1703,977,2680
24/09/2018,05 - 06,1878,1085,2963
24/09/2018,06 - 07,2266,1340,3606
24/09/2018,07 - 08,2638,1577,4215
24/09/2018,08 - 09,2704,1679,4383
24/09/2018,09 - 10,2708,1705,4413
24/09/2018,10 - 11,2786,1756,4542
24/09/2018,11 - 12,2820,1764,4584
24/09/2018,12 - 13,2754,1758,4512
24/09/2018,13 - 14,2785,1704,4489
24/09/2018,14 - 15,2731,1668,4399
24/09/2018,15 - 16,2611,1625,4236
24/09/2018,16 - 17,2565,1623,4188
24/09/2018,17 - 18,2711,1729,4440
24/09/2018,18 - 19,2686,1731,4417
24/09/2018,19 - 20,2619,1699,4318
24/09/2018,20 - 21,2535,1620,4155
24/09/2018,21 - 22,2305,1493,3798
24/09/2018,22 - 23,2074,1332,3406
24/09/2018,23 - 00,1883,1185,3068
25/09/2018,00 - 01,1797,1107,2904
25/09/2018,01 - 02,1768,1055,2823
25/09/2018,02 - 03,1745,1037,2782
25/09/2018,03 - 04,1746,1051,2797
25/09/2018,04 - 05,1811,1067,2878
25/09/2018,05 - 06,1972,1160,3132
25/09/2018,06 - 07,2359,1405,3764
25/09/2018,07 - 08,2654,1616,4270
25/09/2018,08 - 09,2722,1717,4439
25/09/2018,09 - 10,2748,1785,4533
25/09/2018,10 - 11,2789,1774,4563
25/09/2018,11 - 12,2764,1778,4542
25/09/2018,12 - 13,2675,1720,4395
25/09/2018,13 - 14,2719,1630,4349
25/09/2018,14 - 15,2660,1595,4255
25/09/2018,15 - 16,2582,1590,4172
25/09/2018,16 - 17,2591,1607,4198
25/09/2018,17 - 18,2711,1675,4386
25/09/2018,18 - 19,2662,1688,4350
25/09/2018,19 - 20,2643,1696,4339
25/09/2018,20 - 21,2535,1625,4160
25/09/2018,21 - 22,2341,1501,3842
25/09/2018,22 - 23,2144,1334,3478
25/09/2018,23 - 00,1996,1217,3213
26/09/2018,00 - 01,1870,1165,3035
26/09/2018,01 - 02,1829,1114,2943
26/09/2018,02 - 03,1794,1103,2897
26/09/2018,03 - 04,1834,1102,2936
26/09/2018,04 - 05,1880,1144,3024
26/09/2018,05 - 06,2001,1264,3265
26/09/2018,06 - 07,2394,1515,3909
26/09/2018,07 - 08,2728,1688,4416
26/09/2018,08 - 09,2808,1747,4555
26/09/2018,09 - 10,2800,1775,4575
26/09/2018,10 - 11,2874,1803,4677
26/09/2018,11 - 12,2885,1801,4686
26/09/2018,12 - 13,2816,1785,4601
26/09/2018,13 - 14,2822,1763,4585
26/09/2018,14 - 15,2775,1732,4507
26/09/2018,15 - 16,2698,1718,4416
26/09/2018,16 - 17,2686,1731,4417
26/09/2018,17 - 18,2819,1800,4619
26/09/2018,18 - 19,2744,1796,4540
26/09/2018,19 - 20,2657,1734,4391
26/09/2018,20 - 21,2537,1609,4146
26/09/2018,21 - 22,2365,1489,3854
26/09/2018,22 - 23,2158,1332,3490
26/09/2018,23 - 00,2006,1189,3195
27/09/2018,00 - 01,1907,1092,2999
27/09/2018,01 - 02,1841,1045,2886
27/09/2018,02 - 03,1822,1037,2859
27/09/2018,03 - 04,1801,1044,2845
27/09/2018,04 - 05,1782,1043,2825
27/09/2018,05 - 06,1955,1143,3098
27/09/2018,06 - 07,2351,1342,3693
27/09/2018,07 - 08,2831,1547,4378
27/09/2018,08 - 09,3214,1719,4933
27/09/2018,09 - 10,3249,1772,5021
27/09/2018,10 - 11,3249,1801,5050
27/09/2018,11 - 12,2891,1748,4639
27/09/2018,12 - 13,2741,1743,4484
27/09/2018,13 - 14,2800,1741,4541
27/09/2018,14 - 15,2741,1724,4465
27/09/2018,15 - 16,2678,1717,4395
27/09/2018,16 - 17,2620,1705,4325
27/09/2018,17 - 18,2786,1770,4556
27/09/2018,18 - 19,2771,1753,4524
27/09/2018,19 - 20,2710,1747,4457
27/09/2018,20 - 21,2586,1646,4232
27/09/2018,21 - 22,2408,1545,3953
27/09/2018,22 - 23,2210,1431,3641
27/09/2018,23 - 00,2007,1316,3323
28/09/2018,00 - 01,1885,1185,3070
28/09/2018,01 - 02,1835,1147,2982
28/09/2018,02 - 03,1787,1101,2888
28/09/2018,03 - 04,1764,1102,2866
28/09/2018,04 - 05,1813,1131,2944
28/09/2018,05 - 06,1975,1232,3207
28/09/2018,06 - 07,2346,1362,3708
28/09/2018,07 - 08,2685,1558,4243
28/09/2018,08 - 09,2757,1657,4414
28/09/2018,09 - 10,2734,1688,4422
28/09/2018,10 - 11,2751,1712,4463
28/09/2018,11 - 12,2742,1694,4436
28/09/2018,12 - 13,2594,1653,4247
28/09/2018,13 - 14,2520,1623,4143
28/09/2018,14 - 15,2430,1589,4019
28/09/2018,15 - 16,2363,1560,3923
28/09/2018,16 - 17,2367,1586,3953
28/09/2018,17 - 18,2484,1624,4108
28/09/2018,18 - 19,2464,1653,4117
28/09/2018,19 - 20,2419,1650,4069
28/09/2018,20 - 21,2310,1530,3840
28/09/2018,21 - 22,2156,1410,3566
28/09/2018,22 - 23,1999,1292,3291
28/09/2018,23 - 00,1827,1193,3020
29/09/2018,00 - 01,1719,1089,2808
29/09/2018,01 - 02,1646,1028,2674
29/09/2018,02 - 03,1616,987,2603
29/09/2018,03 - 04,1590,983,2573
29/09/2018,04 - 05,1584,974,2558
29/09/2018,05 - 06,1636,994,2630
29/09/2018,06 - 07,1731,1046,2777
29/09/2018,07 - 08,1817,1120,2937
29/09/2018,08 - 09,1831,1243,3074
29/09/2018,09 - 10,1938,1382,3320
29/09/2018,10 - 11,2156,1467,3623
29/09/2018,11 - 12,2178,1541,3719
29/09/2018,12 - 13,2159,1577,3736
29/09/2018,13 - 14,2156,1576,3732
29/09/2018,14 - 15,2122,1481,3603
29/09/2018,15 - 16,2150,1387,3537
29/09/2018,16 - 17,2185,1399,3584
29/09/2018,17 - 18,2324,1468,3792
29/09/2018,18 - 19,2348,1503,3851
29/09/2018,19 - 20,2281,1492,3773
29/09/2018,20 - 21,2156,1417,3573
29/09/2018,21 - 22,2029,1354,3383
29/09/2018,22 - 23,1954,1269,3223
29/09/2018,23 - 00,1827,1173,3000
30/09/2018,00 - 01,1701,1138,2839
30/09/2018,01 - 02,1671,1076,2747
30/09/2018,02 - 03,1603,1048,2651
30/09/2018,03 - 04,1513,1002,2515
30/09/2018,04 - 05,1526,981,2507
30/09/2018,05 - 06,1593,1004,2597
30/09/2018,06 - 07,1739,1040,2779
30/09/2018,07 - 08,1887,1070,2957
30/09/2018,08 - 09,2044,1199,3243
30/09/2018,09 - 10,2121,1322,3443
30/09/2018,10 - 11,2113,1421,3534
30/09/2018,11 - 12,2141,1476,3617
30/09/2018,12 - 13,2093,1475,3568
30/09/2018,13 - 14,2050,1549,3599
30/09/2018,14 - 15,2061,1534,3595
30/09/2018,15 - 16,2057,1516,3573
30/09/2018,16 - 17,2127,1392,3519
30/09/2018,17 - 18,2322,1421,3743
30/09/2018,18 - 19,2338,1492,3830
30/09/2018,19 - 20,2298,1540,3838
30/09/2018,20 - 21,2186,1456,3642
30/09/2018,21 - 22,2056,1307,3363
30/09/2018,22 - 23,1939,1199,3138
30/09/2018,23 - 00,1822,1105,2927
01/10/2018,00 - 01,1736,1015,2751
01/10/2018,01 - 02,1700,950,2650
01/10/2018,02 - 03,1673,910,2583
01/10/2018,03 - 04,1700,912,2612
01/10/2018,04 - 05,1756,956,2712
01/10/2018,05 - 06,1898,1056,2954
01/10/2018,06 - 07,2311,1380,3691
01/10/2018,07 - 08,2638,1636,4274
01/10/2018,08 - 09,2741,1736,4477
01/10/2018,09 - 10,2708,1749,4457
01/10/2018,10 - 11,2756,1754,4510
01/10/2018,11 - 12,2715,1789,4504
01/10/2018,12 - 13,2679,1797,4476
01/10/2018,13 - 14,2706,1801,4507
01/10/2018,14 - 15,2704,1711,4415
01/10/2018,15 - 16,2659,1640,4299
01/10/2018,16 - 17,2582,1620,4202
01/10/2018,17 - 18,2779,1723,4502
01/10/2018,18 - 19,2699,1753,4452
01/10/2018,19 - 20,2661,1785,4446
01/10/2018,20 - 21,2527,1656,4183
01/10/2018,21 - 22,2355,1455,3810
01/10/2018,22 - 23,2181,1351,3532
01/10/2018,23 - 00,2039,1271,3310
02/10/2018,00 - 01,1888,1328,3216
02/10/2018,01 - 02,1825,1235,3060
02/10/2018,02 - 03,1790,1202,2992
02/10/2018,03 - 04,1781,1188,2969
02/10/2018,04 - 05,1837,1237,3074
02/10/2018,05 - 06,1993,1222,3215
02/10/2018,06 - 07,2362,1438,3800
02/10/2018,07 - 08,2729,1625,4354
02/10/2018,08 - 09,2828,1793,4621
02/10/2018,09 - 10,2873,1913,4786
02/10/2018,10 - 11,2962,2005,4967
02/10/2018,11 - 12,2983,1981,4964
02/10/2018,12 - 13,2930,2105,5035
02/10/2018,13 - 14,2964,2126,5090
02/10/2018,14 - 15,2837,1852,4689
02/10/2018,15 - 16,2727,1756,4483
02/10/2018,16 - 17,2744,1724,4468
02/10/2018,17 - 18,2871,1842,4713
02/10/2018,18 - 19,2792,1868,4660
02/10/2018,19 - 20,2782,1827,4609
02/10/2018,20 - 21,2631,1707,4338
02/10/2018,21 - 22,2437,1549,3986
02/10/2018,22 - 23,2249,1389,3638
02/10/2018,23 - 00,2076,1251,3327
03/10/2018,00 - 01,1978,1163,3141
03/10/2018,01 - 02,1947,1106,3053
03/10/2018,02 - 03,1901,1085,2986
03/10/2018,03 - 04,1932,1096,3028
03/10/2018,04 - 05,1989,1107,3096
03/10/2018,05 - 06,2109,1204,3313
03/10/2018,06 - 07,2491,1451,3942
03/10/2018,07 - 08,2829,1644,4473
03/10/2018,08 - 09,2885,1706,4591
03/10/2018,09 - 10,2900,1749,4649
03/10/2018,10 - 11,2944,1798,4742
03/10/2018,11 - 12,2998,1760,4758
03/10/2018,12 - 13,2896,1751,4647
03/10/2018,13 - 14,2868,1725,4593
03/10/2018,14 - 15,2842,1710,4552
03/10/2018,15 - 16,2725,1660,4385
03/10/2018,16 - 17,2651,1690,4341
03/10/2018,17 - 18,2819,1785,4604
03/10/2018,18 - 19,2672,1777,4449
03/10/2018,19 - 20,2572,1707,4279
03/10/2018,20 - 21,2430,1594,4024
03/10/2018,21 - 22,2333,1516,3849
03/10/2018,22 - 23,2143,1369,3512
03/10/2018,23 - 00,1961,1234,3195
04/10/2018,00 - 01,1869,1147,3016
04/10/2018,01 - 02,1819,1089,2908
04/10/2018,02 - 03,1783,1072,2855
04/10/2018,03 - 04,1783,1078,2861
04/10/2018,04 - 05,1817,1106,2923
04/10/2018,05 - 06,1943,1220,3163
04/10/2018,06 - 07,2322,1474,3796
04/10/2018,07 - 08,2624,1645,4269
04/10/2018,08 - 09,2704,1688,4392
04/10/2018,09 - 10,2744,1771,4515
04/10/2018,10 - 11,2802,1799,4601
04/10/2018,11 - 12,2783,1819,4602
04/10/2018,12 - 13,2773,1775,4548
04/10/2018,13 - 14,2781,1773,4554
04/10/2018,14 - 15,2715,1743,4458
04/10/2018,15 - 16,2631,1725,4356
04/10/2018,16 - 17,2628,1722,4350
04/10/2018,17 - 18,2748,1836,4584
04/10/2018,18 - 19,2704,1849,4553
04/10/2018,19 - 20,2661,1808,4469
04/10/2018,20 - 21,2510,1695,4205
04/10/2018,21 - 22,2331,1524,3855
04/10/2018,22 - 23,2148,1376,3524
04/10/2018,23 - 00,1996,1264,3260
05/10/2018,00 - 01,1907,1163,3070
05/10/2018,01 - 02,1859,1099,2958
05/10/2018,02 - 03,1839,1076,2915
05/10/2018,03 - 04,1871,1068,2939
05/10/2018,04 - 05,1875,1069,2944
05/10/2018,05 - 06,2001,1169,3170
05/10/2018,06 - 07,2358,1400,3758
05/10/2018,07 - 08,2642,1618,4260
05/10/2018,08 - 09,2739,1672,4411
05/10/2018,09 - 10,2737,1721,4458
05/10/2018,10 - 11,2804,1754,4558
05/10/2018,11 - 12,2788,1732,4520
05/10/2018,12 - 13,2681,1698,4379
05/10/2018,13 - 14,2596,1676,4272
05/10/2018,14 - 15,2457,1632,4089
05/10/2018,15 - 16,2355,1613,3968
05/10/2018,16 - 17,2335,1607,3942
05/10/2018,17 - 18,2474,1719,4193
05/10/2018,18 - 19,2489,1745,4234
05/10/2018,19 - 20,2415,1695,4110
05/10/2018,20 - 21,2275,1563,3838
05/10/2018,21 - 22,2155,1439,3594
05/10/2018,22 - 23,1982,1326,3308
05/10/2018,23 - 00,1828,1206,3034
06/10/2018,00 - 01,1715,1110,2825
06/10/2018,01 - 02,1641,1049,2690
06/10/2018,02 - 03,1603,1037,2640
06/10/2018,03 - 04,1590,1032,2622
06/10/2018,04 - 05,1597,1032,2629
06/10/2018,05 - 06,1655,1061,2716
06/10/2018,06 - 07,1775,1154,2929
06/10/2018,07 - 08,1937,1235,3172
06/10/2018,08 - 09,2091,1364,3455
06/10/2018,09 - 10,2181,1448,3629
06/10/2018,10 - 11,2193,1490,3683
06/10/2018,11 - 12,2229,1500,3729
06/10/2018,12 - 13,2202,1508,3710
06/10/2018,13 - 14,2161,1475,3636
06/10/2018,14 - 15,2138,1443,3581
06/10/2018,15 - 16,2136,1451,3587
06/10/2018,16 - 17,2183,1500,3683
06/10/2018,17 - 18,2357,1609,3966
06/10/2018,18 - 19,2400,1665,4065
06/10/2018,19 - 20,2288,1626,3914
06/10/2018,20 - 21,2138,1506,3644
06/10/2018,21 - 22,2008,1416,3424
06/10/2018,22 - 23,1904,1310,3214
06/10/2018,23 - 00,1800,1226,3026
07/10/2018,00 - 01,1644,1126,2770
07/10/2018,01 - 02,1593,1042,2635
07/10/2018,02 - 03,1556,1008,2564
07/10/2018,03 - 04,1594,987,2581
07/10/2018,04 - 05,1614,1003,2617
07/10/2018,05 - 06,1688,1051,2739
07/10/2018,06 - 07,1791,1128,2919
07/10/2018,07 - 08,1889,1223,3112
07/10/2018,08 - 09,2000,1347,3347
07/10/2018,09 - 10,2093,1426,3519
07/10/2018,10 - 11,2114,1465,3579
07/10/2018,11 - 12,2098,1461,3559
07/10/2018,12 - 13,2094,1447,3541
07/10/2018,13 - 14,2051,1430,3481
07/10/2018,14 - 15,2043,1440,3483
07/10/2018,15 - 16,2030,1434,3464
07/10/2018,16 - 17,2072,1462,3534
07/10/2018,17 - 18,2294,1610,3904
07/10/2018,18 - 19,2364,1680,4044
07/10/2018,19 - 20,2310,1657,3967
07/10/2018,20 - 21,2184,1542,3726
07/10/2018,21 - 22,2050,1445,3495
07/10/2018,22 - 23,1929,1318,3247
07/10/2018,23 - 00,1834,1197,3031
08/10/2018,00 - 01,1749,1117,2866
08/10/2018,01 - 02,1708,1063,2771
08/10/2018,02 - 03,1698,1045,2743
08/10/2018,03 - 04,1686,1059,2745
08/10/2018,04 - 05,1799,1074,2873
08/10/2018,05 - 06,1964,1164,3128
08/10/2018,06 - 07,2348,1439,3787
08/10/2018,07 - 08,2778,1666,4444
08/10/2018,08 - 09,2891,1721,4612
08/10/2018,09 - 10,2859,1727,4586
08/10/2018,10 - 11,2865,1762,4627
08/10/2018,11 - 12,2879,1739,4618
08/10/2018,12 - 13,2841,1721,4562
08/10/2018,13 - 14,2857,1707,4564
08/10/2018,14 - 15,2779,1685,4464
08/10/2018,15 - 16,2665,1659,4324
08/10/2018,16 - 17,2651,1668,4319
08/10/2018,17 - 18,2822,1804,4626
08/10/2018,18 - 19,2797,1828,4625
08/10/2018,19 - 20,2711,1735,4446
08/10/2018,20 - 21,2512,1653,4165
08/10/2018,21 - 22,2353,1537,3890
08/10/2018,22 - 23,2164,1371,3535
08/10/2018,23 - 00,1965,1248,3213
09/10/2018,00 - 01,1876,1161,3037
09/10/2018,01 - 02,1862,1114,2976
09/10/2018,02 - 03,1825,1086,2911
09/10/2018,03 - 04,1829,1083,2912
09/10/2018,04 - 05,1850,1108,2958
09/10/2018,05 - 06,2001,1210,3211
09/10/2018,06 - 07,2387,1442,3829
09/10/2018,07 - 08,2777,1601,4378
09/10/2018,08 - 09,2887,1657,4544
09/10/2018,09 - 10,2811,1706,4517
09/10/2018,10 - 11,2842,1758,4600
09/10/2018,11 - 12,2845,1716,4561
09/10/2018,12 - 13,2771,1714,4485
09/10/2018,13 - 14,2778,1692,4470
09/10/2018,14 - 15,2705,1684,4389
09/10/2018,15 - 16,2604,1664,4268
09/10/2018,16 - 17,2634,1689,4323
09/10/2018,17 - 18,2964,1823,4787
09/10/2018,18 - 19,2869,1841,4710
09/10/2018,19 - 20,2667,1780,4447
09/10/2018,20 - 21,2489,1668,4157
09/10/2018,21 - 22,2314,1527,3841
09/10/2018,22 - 23,2146,1391,3537
09/10/2018,23 - 00,1917,1247,3164
10/10/2018,00 - 01,1838,1161,2999
10/10/2018,01 - 02,1784,1113,2897
10/10/2018,02 - 03,1763,1092,2855
10/10/2018,03 - 04,1784,1100,2884
10/10/2018,04 - 05,1823,1111,2934
10/10/2018,05 - 06,1976,1224,3200
10/10/2018,06 - 07,2359,1466,3825
10/10/2018,07 - 08,2703,1657,4360
10/10/2018,08 - 09,2775,1708,4483
10/10/2018,09 - 10,2770,1742,4512
10/10/2018,10 - 11,2813,1744,4557
10/10/2018,11 - 12,2802,1729,4531
10/10/2018,12 - 13,2705,1747,4452
10/10/2018,13 - 14,2715,1731,4446
10/10/2018,14 - 15,2651,1696,4347
10/10/2018,15 - 16,2554,1666,4220
10/10/2018,16 - 17,2522,1662,4184
10/10/2018,17 - 18,2661,1731,4392
10/10/2018,18 - 19,2656,1781,4437
10/10/2018,19 - 20,2677,1748,4425
10/10/2018,20 - 21,2519,1643,4162
10/10/2018,21 - 22,2349,1510,3859
10/10/2018,22 - 23,2110,1371,3481
10/10/2018,23 - 00,1936,1223,3159
11/10/2018,00 - 01,1818,1136,2954
11/10/2018,01 - 02,1770,1093,2863
11/10/2018,02 - 03,1777,1083,2860
11/10/2018,03 - 04,1769,1076,2845
11/10/2018,04 - 05,1802,1088,2890
11/10/2018,05 - 06,1942,1198,3140
11/10/2018,06 - 07,2319,1450,3769
11/10/2018,07 - 08,2663,1650,4313
11/10/2018,08 - 09,2758,1705,4463
11/10/2018,09 - 10,2737,1708,4445
11/10/2018,10 - 11,2761,1720,4481
11/10/2018,11 - 12,2727,1700,4427
11/10/2018,12 - 13,2643,1671,4314
11/10/2018,13 - 14,2678,1644,4322
11/10/2018,14 - 15,2641,1683,4324
11/10/2018,15 - 16,2497,1620,4117
11/10/2018,16 - 17,2499,1616,4115
11/10/2018,17 - 18,2594,1708,4302
11/10/2018,18 - 19,2607,1760,4367
11/10/2018,19 - 20,2584,1744,4328
11/10/2018,20 - 21,2458,1625,4083
11/10/2018,21 - 22,2251,1512,3763
11/10/2018,22 - 23,2053,1356,3409
11/10/2018,23 - 00,1866,1207,3073
12/10/2018,00 - 01,1747,1112,2859
12/10/2018,01 - 02,1701,1061,2762
12/10/2018,02 - 03,1682,1049,2731
12/10/2018,03 - 04,1702,1050,2752
12/10/2018,04 - 05,1771,1069,2840
12/10/2018,05 - 06,1931,1166,3097
12/10/2018,06 - 07,2300,1397,3697
12/10/2018,07 - 08,2666,1599,4265
12/10/2018,08 - 09,2743,1671,4414
12/10/2018,09 - 10,2652,1676,4328
12/10/2018,10 - 11,2716,1683,4399
12/10/2018,11 - 12,2696,1687,4383
12/10/2018,12 - 13,2615,1679,4294
12/10/2018,13 - 14,2536,1649,4185
12/10/2018,14 - 15,2437,1605,4042
12/10/2018,15 - 16,2347,1568,3915
12/10/2018,16 - 17,2330,1575,3905
12/10/2018,17 - 18,2473,1652,4125
12/10/2018,18 - 19,2538,1714,4252
12/10/2018,19 - 20,2452,1668,4120
12/10/2018,20 - 21,2263,1529,3792
12/10/2018,21 - 22,2105,1424,3529
12/10/2018,22 - 23,1947,1330,3277
12/10/2018,23 - 00,1785,1227,3012
13/10/2018,00 - 01,1685,1144,2829
13/10/2018,01 - 02,1623,1083,2706
13/10/2018,02 - 03,1571,1039,2610
13/10/2018,03 - 04,1559,1026,2585
13/10/2018,04 - 05,1577,1025,2602
13/10/2018,05 - 06,1617,1034,2651
13/10/2018,06 - 07,1746,1112,2858
13/10/2018,07 - 08,1930,1203,3133
13/10/2018,08 - 09,2064,1323,3387
13/10/2018,09 - 10,2136,1421,3557
13/10/2018,10 - 11,2155,1476,3631
13/10/2018,11 - 12,2119,1472,3591
13/10/2018,12 - 13,2078,1467,3545
13/10/2018,13 - 14,2041,1450,3491
13/10/2018,14 - 15,2004,1416,3420
13/10/2018,15 - 16,1982,1405,3387
13/10/2018,16 - 17,2027,1422,3449
13/10/2018,17 - 18,2238,1525,3763
13/10/2018,18 - 19,2295,1605,3900
13/10/2018,19 - 20,2241,1559,3800
13/10/2018,20 - 21,2094,1450,3544
13/10/2018,21 - 22,1981,1333,3314
13/10/2018,22 - 23,1844,1240,3084
13/10/2018,23 - 00,1701,1151,2852
14/10/2018,00 - 01,1623,1076,2699
14/10/2018,01 - 02,1557,1027,2584
14/10/2018,02 - 03,1530,1015,2545
14/10/2018,03 - 04,1524,984,2508
14/10/2018,04 - 05,1543,981,2524
14/10/2018,05 - 06,1584,995,2579
14/10/2018,06 - 07,1700,1045,2745
14/10/2018,07 - 08,1820,1129,2949
14/10/2018,08 - 09,1964,1228,3192
14/10/2018,09 - 10,2014,1314,3328
14/10/2018,10 - 11,2037,1370,3407
14/10/2018,11 - 12,2004,1368,3372
14/10/2018,12 - 13,1992,1363,3355
14/10/2018,13 - 14,1971,1350,3321
14/10/2018,14 - 15,1962,1344,3306
14/10/2018,15 - 16,1922,1344,3266
14/10/2018,16 - 17,1983,1392,3375
14/10/2018,17 - 18,2180,1505,3685
14/10/2018,18 - 19,2281,1609,3890
14/10/2018,19 - 20,2219,1563,3782
14/10/2018,20 - 21,2072,1445,3517
14/10/2018,21 - 22,1946,1342,3288
14/10/2018,22 - 23,1820,1242,3062
14/10/2018,23 - 00,1693,1143,2836
15/10/2018,00 - 01,1619,1083,2702
15/10/2018,01 - 02,1611,1030,2641
15/10/2018,02 - 03,1595,1012,2607
15/10/2018,03 - 04,1597,1007,2604
15/10/2018,04 - 05,1654,1023,2677
15/10/2018,05 - 06,1796,1113,2909
15/10/2018,06 - 07,2111,1299,3410
15/10/2018,07 - 08,2483,1525,4008
15/10/2018,08 - 09,2613,1623,4236
15/10/2018,09 - 10,2654,1662,4316
15/10/2018,10 - 11,2730,1689,4419
15/10/2018,11 - 12,2725,1687,4412
15/10/2018,12 - 13,2687,1674,4361
15/10/2018,13 - 14,2688,1663,4351
15/10/2018,14 - 15,2620,1629,4249
15/10/2018,15 - 16,2511,1591,4102
15/10/2018,16 - 17,2476,1591,4067
15/10/2018,17 - 18,2621,1677,4298
15/10/2018,18 - 19,2662,1747,4409
15/10/2018,19 - 20,2551,1684,4235
15/10/2018,20 - 21,2393,1538,3931
15/10/2018,21 - 22,2230,1421,3651
15/10/2018,22 - 23,2064,1298,3362
15/10/2018,23 - 00,1898,1185,3083
16/10/2018,00 - 01,1789,1107,2896
16/10/2018,01 - 02,1731,1048,2779
16/10/2018,02 - 03,1714,1031,2745
16/10/2018,03 - 04,1710,1035,2745
16/10/2018,04 - 05,1764,1054,2818
16/10/2018,05 - 06,1896,1146,3042
16/10/2018,06 - 07,2187,1342,3529
16/10/2018,07 - 08,2445,1533,3978
16/10/2018,08 - 09,2580,1648,4228
16/10/2018,09 - 10,2693,1716,4409
16/10/2018,10 - 11,2752,1713,4465
16/10/2018,11 - 12,2746,1720,4466
16/10/2018,12 - 13,2703,1698,4401
16/10/2018,13 - 14,2710,1683,4393
16/10/2018,14 - 15,2640,1652,4292
16/10/2018,15 - 16,2519,1604,4123
16/10/2018,16 - 17,2496,1612,4108
16/10/2018,17 - 18,2637,1731,4368
16/10/2018,18 - 19,2575,1766,4341
16/10/2018,19 - 20,2488,1696,4184
16/10/2018,20 - 21,2374,1577,3951
16/10/2018,21 - 22,2257,1464,3721
16/10/2018,22 - 23,2109,1331,3440
16/10/2018,23 - 00,1940,1211,3151
17/10/2018,00 - 01,1817,1136,2953
17/10/2018,01 - 02,1756,1076,2832
17/10/2018,02 - 03,1720,1057,2777
17/10/2018,03 - 04,1723,1058,2781
17/10/2018,04 - 05,1770,1075,2845
17/10/2018,05 - 06,1897,1163,3060
17/10/2018,06 - 07,2197,1352,3549
17/10/2018,07 - 08,2560,1564,4124
17/10/2018,08 - 09,2670,1674,4344
17/10/2018,09 - 10,2688,1722,4410
17/10/2018,10 - 11,2738,1742,4480
17/10/2018,11 - 12,2710,1723,4433
17/10/2018,12 - 13,2692,1710,4402
17/10/2018,13 - 14,2702,1695,4397
17/10/2018,14 - 15,2623,1654,4277
17/10/2018,15 - 16,2492,1607,4099
17/10/2018,16 - 17,2482,1609,4091
17/10/2018,17 - 18,2592,1710,4302
17/10/2018,18 - 19,2601,1757,4358
17/10/2018,19 - 20,2519,1688,4207
17/10/2018,20 - 21,2409,1568,3977
17/10/2018,21 - 22,2236,1458,3694
17/10/2018,22 - 23,2081,1322,3403
17/10/2018,23 - 00,1910,1198,3108
18/10/2018,00 - 01,1793,1119,2912
18/10/2018,01 - 02,1729,1070,2799
18/10/2018,02 - 03,1699,1051,2750
18/10/2018,03 - 04,1689,1053,2742
18/10/2018,04 - 05,1723,1077,2800
18/10/2018,05 - 06,1850,1151,3001
18/10/2018,06 - 07,2162,1329,3491
18/10/2018,07 - 08,2497,1539,4036
18/10/2018,08 - 09,2534,1625,4159
18/10/2018,09 - 10,2578,1706,4284
18/10/2018,10 - 11,2613,1722,4335
18/10/2018,11 - 12,2615,1710,4325
18/10/2018,12 - 13,2590,1878,4468
18/10/2018,13 - 14,2606,1824,4430
18/10/2018,14 - 15,2553,1632,4185
18/10/2018,15 - 16,2481,1584,4065
18/10/2018,16 - 17,2451,1593,4044
18/10/2018,17 - 18,2556,1716,4272
18/10/2018,18 - 19,2625,1804,4429
18/10/2018,19 - 20,2556,1728,4284
18/10/2018,20 - 21,2417,1613,4030
18/10/2018,21 - 22,2262,1481,3743
18/10/2018,22 - 23,2091,1353,3444
18/10/2018,23 - 00,1937,1247,3184
19/10/2018,00 - 01,1819,1150,2969
19/10/2018,01 - 02,1763,1098,2861
19/10/2018,02 - 03,1730,1081,2811
19/10/2018,03 - 04,1737,1089,2826
19/10/2018,04 - 05,1778,1108,2886
19/10/2018,05 - 06,1896,1194,3090
19/10/2018,06 - 07,2167,1393,3560
19/10/2018,07 - 08,2500,1614,4114
19/10/2018,08 - 09,2644,1726,4370
19/10/2018,09 - 10,2651,1775,4426
19/10/2018,10 - 11,2675,1770,4445
19/10/2018,11 - 12,2641,1752,4393
19/10/2018,12 - 13,2559,1715,4274
19/10/2018,13 - 14,2511,1672,4183
19/10/2018,14 - 15,2398,1628,4026
19/10/2018,15 - 16,2320,1601,3921
19/10/2018,16 - 17,2309,1627,3936
19/10/2018,17 - 18,2356,1713,4069
19/10/2018,18 - 19,2453,1769,4222
19/10/2018,19 - 20,2332,1694,4026
19/10/2018,20 - 21,2181,1568,3749
19/10/2018,21 - 22,2052,1453,3505
19/10/2018,22 - 23,1938,1358,3296
19/10/2018,23 - 00,1829,1254,3083
20/10/2018,00 - 01,1727,1164,2891
20/10/2018,01 - 02,1656,1098,2754
20/10/2018,02 - 03,1612,1073,2685
20/10/2018,03 - 04,1593,1059,2652
20/10/2018,04 - 05,1604,1048,2652
20/10/2018,05 - 06,1633,1063,2696
20/10/2018,06 - 07,1739,1126,2865
20/10/2018,07 - 08,1937,1232,3169
20/10/2018,08 - 09,2066,1326,3392
20/10/2018,09 - 10,2135,1441,3576
20/10/2018,10 - 11,2154,1513,3667
20/10/2018,11 - 12,2127,1523,3650
20/10/2018,12 - 13,2078,1482,3560
20/10/2018,13 - 14,2046,1453,3499
20/10/2018,14 - 15,2020,1440,3460
20/10/2018,15 - 16,2040,1432,3472
20/10/2018,16 - 17,2079,1470,3549
20/10/2018,17 - 18,2234,1592,3826
20/10/2018,18 - 19,2261,1679,3940
20/10/2018,19 - 20,2116,1614,3730
20/10/2018,20 - 21,2031,1513,3544
20/10/2018,21 - 22,1958,1427,3385
20/10/2018,22 - 23,1841,1341,3182
20/10/2018,23 - 00,1734,1256,2990
21/10/2018,00 - 01,1647,1171,2818
21/10/2018,01 - 02,1588,1102,2690
21/10/2018,02 - 03,1547,1078,2625
21/10/2018,03 - 04,1540,1075,2615
21/10/2018,04 - 05,1537,1066,2603
21/10/2018,05 - 06,1584,1073,2657
21/10/2018,06 - 07,1684,1125,2809
21/10/2018,07 - 08,1822,1225,3047
21/10/2018,08 - 09,1997,1344,3341
21/10/2018,09 - 10,2114,1450,3564
21/10/2018,10 - 11,2155,1499,3654
21/10/2018,11 - 12,2175,1506,3681
21/10/2018,12 - 13,2173,1506,3679
21/10/2018,13 - 14,2163,1485,3648
21/10/2018,14 - 15,2151,1475,3626
21/10/2018,15 - 16,2209,1444,3653
21/10/2018,16 - 17,2226,1504,3730
21/10/2018,17 - 18,2478,1668,4146
21/10/2018,18 - 19,2518,1729,4247
21/10/2018,19 - 20,2380,1629,4009
21/10/2018,20 - 21,2213,1544,3757
21/10/2018,21 - 22,2047,1410,3457
21/10/2018,22 - 23,1881,1288,3169
21/10/2018,23 - 00,1747,1176,2923
22/10/2018,00 - 01,1709,1083,2792
22/10/2018,01 - 02,1671,1044,2715
22/10/2018,02 - 03,1678,1021,2699
22/10/2018,03 - 04,1634,1030,2664
22/10/2018,04 - 05,1692,1060,2752
22/10/2018,05 - 06,1896,1157,3053
22/10/2018,06 - 07,2335,1412,3747
22/10/2018,07 - 08,2738,1610,4348
22/10/2018,08 - 09,2817,1660,4477
22/10/2018,09 - 10,2780,1732,4512
22/10/2018,10 - 11,2805,1712,4517
22/10/2018,11 - 12,2787,1709,4496
22/10/2018,12 - 13,2750,1692,4442
22/10/2018,13 - 14,2753,1669,4422
22/10/2018,14 - 15,2703,1674,4377
22/10/2018,15 - 16,2582,1624,4206
22/10/2018,16 - 17,2575,1653,4228
22/10/2018,17 - 18,2778,1793,4571
22/10/2018,18 - 19,2836,1886,4722
22/10/2018,19 - 20,2693,1777,4470
22/10/2018,20 - 21,2508,1652,4160
22/10/2018,21 - 22,2354,1549,3903
22/10/2018,22 - 23,2161,1392,3553
22/10/2018,23 - 00,1963,1263,3226
23/10/2018,00 - 01,1882,1160,3042
23/10/2018,01 - 02,1835,1111,2946
23/10/2018,02 - 03,1813,1083,2896
23/10/2018,03 - 04,1790,1098,2888
23/10/2018,04 - 05,1819,1131,2950
23/10/2018,05 - 06,1965,1222,3187
23/10/2018,06 - 07,2336,1479,3815
23/10/2018,07 - 08,2722,1725,4447
23/10/2018,08 - 09,2870,1785,4655
23/10/2018,09 - 10,2838,1807,4645
23/10/2018,10 - 11,2812,1832,4644
23/10/2018,11 - 12,2828,1823,4651
23/10/2018,12 - 13,2820,1798,4618
23/10/2018,13 - 14,2726,1793,4519
23/10/2018,14 - 15,2655,1758,4413
23/10/2018,15 - 16,2652,1689,4341
23/10/2018,16 - 17,2675,1687,4362
23/10/2018,17 - 18,2758,1824,4582
23/10/2018,18 - 19,2783,1895,4678
23/10/2018,19 - 20,2655,1786,4441
23/10/2018,20 - 21,2478,1649,4127
23/10/2018,21 - 22,2320,1513,3833
23/10/2018,22 - 23,2203,1357,3560
23/10/2018,23 - 00,2054,1206,3260
24/10/2018,00 - 01,1956,1145,3101
24/10/2018,01 - 02,1908,1102,3010
24/10/2018,02 - 03,1854,1110,2964
24/10/2018,03 - 04,1869,1126,2995
24/10/2018,04 - 05,1886,1138,3024
24/10/2018,05 - 06,2063,1229,3292
24/10/2018,06 - 07,2460,1436,3896
24/10/2018,07 - 08,2835,1688,4523
24/10/2018,08 - 09,2906,1750,4656
24/10/2018,09 - 10,2830,1771,4601
24/10/2018,10 - 11,2872,1762,4634
24/10/2018,11 - 12,2896,1759,4655
24/10/2018,12 - 13,2859,1740,4599
24/10/2018,13 - 14,2874,1720,4594
24/10/2018,14 - 15,2807,1700,4507
24/10/2018,15 - 16,2669,1678,4347
24/10/2018,16 - 17,2676,1664,4340
24/10/2018,17 - 18,2875,1798,4673
24/10/2018,18 - 19,2925,1917,4842
24/10/2018,19 - 20,2777,1795,4572
24/10/2018,20 - 21,2606,1681,4287
24/10/2018,21 - 22,2476,1588,4064
24/10/2018,22 - 23,2212,1443,3655
24/10/2018,23 - 00,1998,1306,3304
25/10/2018,00 - 01,1857,1215,3072
25/10/2018,01 - 02,1850,1117,2967
25/10/2018,02 - 03,1850,1084,2934
25/10/2018,03 - 04,1872,1081,2953
25/10/2018,04 - 05,1926,1099,3025
25/10/2018,05 - 06,2073,1211,3284
25/10/2018,06 - 07,2411,1450,3861
25/10/2018,07 - 08,2815,1690,4505
25/10/2018,08 - 09,2897,1751,4648
25/10/2018,09 - 10,2840,1775,4615
25/10/2018,10 - 11,2880,1777,4657
25/10/2018,11 - 12,2870,1747,4617
25/10/2018,12 - 13,2820,1733,4553
25/10/2018,13 - 14,2776,1717,4493
25/10/2018,14 - 15,2681,1702,4383
25/10/2018,15 - 16,2612,1678,4290
25/10/2018,16 - 17,2606,1709,4315
25/10/2018,17 - 18,2775,1837,4612
25/10/2018,18 - 19,2844,1838,4682
25/10/2018,19 - 20,2737,1703,4440
25/10/2018,20 - 21,2558,1620,4178
25/10/2018,21 - 22,2403,1515,3918
25/10/2018,22 - 23,2193,1383,3576
25/10/2018,23 - 00,1990,1247,3237
26/10/2018,00 - 01,1849,1162,3011
26/10/2018,01 - 02,1791,1092,2883
26/10/2018,02 - 03,1764,1080,2844
26/10/2018,03 - 04,1753,1080,2833
26/10/2018,04 - 05,1812,1110,2922
26/10/2018,05 - 06,1970,1218,3188
26/10/2018,06 - 07,2353,1477,3830
26/10/2018,07 - 08,2741,1719,4460
26/10/2018,08 - 09,2854,1773,4627
26/10/2018,09 - 10,2808,1802,4610
26/10/2018,10 - 11,2836,1809,4645
26/10/2018,11 - 12,2951,1819,4770
26/10/2018,12 - 13,2739,1786,4525
26/10/2018,13 - 14,2678,1752,4430
26/10/2018,14 - 15,2544,1721,4265
26/10/2018,15 - 16,2510,1700,4210
26/10/2018,16 - 17,2534,1720,4254
26/10/2018,17 - 18,2613,1823,4436
26/10/2018,18 - 19,2624,1882,4506
26/10/2018,19 - 20,2447,1727,4174
26/10/2018,20 - 21,2381,1588,3969
26/10/2018,21 - 22,2245,1487,3732
26/10/2018,22 - 23,2043,1362,3405
26/10/2018,23 - 00,1957,1285,3242
27/10/2018,00 - 01,1837,1200,3037
27/10/2018,01 - 02,1702,1142,2844
27/10/2018,02 - 03,1687,1125,2812
27/10/2018,03 - 04,1690,1118,2808
27/10/2018,04 - 05,1698,1131,2829
27/10/2018,05 - 06,1782,1171,2953
27/10/2018,06 - 07,1924,1218,3142
27/10/2018,07 - 08,2115,1327,3442
27/10/2018,08 - 09,2268,1431,3699
27/10/2018,09 - 10,2305,1513,3818
27/10/2018,10 - 11,2302,1596,3898
27/10/2018,11 - 12,2315,1614,3929
27/10/2018,12 - 13,2251,1606,3857
27/10/2018,13 - 14,2187,1594,3781
27/10/2018,14 - 15,2167,1585,3752
27/10/2018,15 - 16,2132,1573,3705
27/10/2018,16 - 17,2198,1625,3823
27/10/2018,17 - 18,2396,1763,4159
27/10/2018,18 - 19,2515,1834,4349
27/10/2018,19 - 20,2377,1709,4086
27/10/2018,20 - 21,2224,1585,3809
27/10/2018,21 - 22,2095,1525,3620
27/10/2018,22 - 23,2007,1437,3444
27/10/2018,23 - 00,1877,1358,3235
28/10/2018,00 - 01,1776,1254,3030
28/10/2018,01 - 02,1710,1184,2894
28/10/2018,02 - 03,1661,1156,2817
28/10/2018,02 - 03,1659,1155,2814
28/10/2018,03 - 04,1674,1157,2831
28/10/2018,04 - 05,1694,1165,2859
28/10/2018,05 - 06,1770,1203,2973
28/10/2018,06 - 07,1934,1277,3211
28/10/2018,07 - 08,2082,1398,3480
28/10/2018,08 - 09,2211,1535,3746
28/10/2018,09 - 10,2264,1595,3859
28/10/2018,10 - 11,2280,1630,3910
28/10/2018,11 - 12,2272,1651,3923
28/10/2018,12 - 13,2247,1637,3884
28/10/2018,13 - 14,2226,1646,3872
28/10/2018,14 - 15,2221,1613,3834
28/10/2018,15 - 16,2239,1619,3858
28/10/2018,16 - 17,2352,1713,4065
28/10/2018,17 - 18,2786,1928,4714
28/10/2018,18 - 19,2635,1889,4524
28/10/2018,19 - 20,2439,1764,4203
28/10/2018,20 - 21,2276,1647,3923
28/10/2018,21 - 22,2157,1512,3669
28/10/2018,22 - 23,2019,1384,3403
28/10/2018,23 - 00,1889,1250,3139
29/10/2018,00 - 01,1823,1171,2994
29/10/2018,01 - 02,1806,1124,2930
29/10/2018,02 - 03,1796,1121,2917
29/10/2018,03 - 04,1820,1123,2943
29/10/2018,04 - 05,1968,1172,3140
29/10/2018,05 - 06,2062,1288,3350
29/10/2018,06 - 07,2477,1531,4008
29/10/2018,07 - 08,2806,1752,4558
29/10/2018,08 - 09,2927,1834,4761
29/10/2018,09 - 10,2933,1861,4794
29/10/2018,10 - 11,2999,1874,4873
29/10/2018,11 - 12,2894,1871,4765
29/10/2018,12 - 13,2832,1869,4701
29/10/2018,13 - 14,2877,1863,4740
29/10/2018,14 - 15,2859,1846,4705
29/10/2018,15 - 16,2762,1843,4605
29/10/2018,16 - 17,2819,1921,4740
29/10/2018,17 - 18,3063,2112,5175
29/10/2018,18 - 19,2931,2042,4973
29/10/2018,19 - 20,2874,1897,4771
29/10/2018,20 - 21,2707,1769,4476
29/10/2018,21 - 22,2550,1641,4191
29/10/2018,22 - 23,2358,1518,3876
29/10/2018,23 - 00,2113,1362,3475
30/10/2018,00 - 01,2013,1282,3295
30/10/2018,01 - 02,1980,1238,3218
30/10/2018,02 - 03,1950,1211,3161
30/10/2018,03 - 04,1922,1146,3068
30/10/2018,04 - 05,1964,1177,3141
30/10/2018,05 - 06,2113,1292,3405
30/10/2018,06 - 07,2525,1549,4074
30/10/2018,07 - 08,2869,1776,4645
30/10/2018,08 - 09,2984,1857,4841
30/10/2018,09 - 10,3022,1891,4913
30/10/2018,10 - 11,3091,1908,4999
30/10/2018,11 - 12,3084,1905,4989
30/10/2018,12 - 13,3004,1856,4860
30/10/2018,13 - 14,2994,1825,4819
30/10/2018,14 - 15,2883,1764,4647
30/10/2018,15 - 16,2733,1711,4444
30/10/2018,16 - 17,2774,1793,4567
30/10/2018,17 - 18,3003,2025,5028
30/10/2018,18 - 19,2925,2001,4926
30/10/2018,19 - 20,2760,1842,4602
30/10/2018,20 - 21,2525,1712,4237
30/10/2018,21 - 22,2343,1524,3867
30/10/2018,22 - 23,2204,1402,3606
30/10/2018,23 - 00,1990,1261,3251
31/10/2018,00 - 01,1911,1195,3106
31/10/2018,01 - 02,1884,1142,3026
31/10/2018,02 - 03,1848,1125,2973
31/10/2018,03 - 04,1854,1118,2972
31/10/2018,04 - 05,1931,1155,3086
31/10/2018,05 - 06,2078,1249,3327
31/10/2018,06 - 07,2509,1485,3994
31/10/2018,07 - 08,2811,1697,4508
31/10/2018,08 - 09,2897,1784,4681
31/10/2018,09 - 10,2874,1805,4679
31/10/2018,10 - 11,2928,1813,4741
31/10/2018,11 - 12,2914,1813,4727
31/10/2018,12 - 13,2873,1778,4651
31/10/2018,13 - 14,2891,1770,4661
31/10/2018,14 - 15,2752,1755,4507
31/10/2018,15 - 16,2668,1767,4435
31/10/2018,16 - 17,2704,1860,4564
31/10/2018,17 - 18,2959,2036,4995
31/10/2018,18 - 19,2855,2015,4870
31/10/2018,19 - 20,2676,1889,4565
31/10/2018,20 - 21,2545,1740,4285
31/10/2018,21 - 22,2377,1610,3987
31/10/2018,22 - 23,2161,1450,3611
31/10/2018,23 - 00,1985,1301,3286
01/11/2018,00 - 01,1886,1217,3103
01/11/2018,01 - 02,1816,1143,2959
01/11/2018,02 - 03,1799,1127,2926
01/11/2018,03 - 04,1831,1144,2975
01/11/2018,04 - 05,1897,1172,3069
01/11/2018,05 - 06,2071,1287,3358
01/11/2018,06 - 07,2499,1541,4040
01/11/2018,07 - 08,2799,1744,4543
01/11/2018,08 - 09,2855,1806,4661
01/11/2018,09 - 10,2819,1805,4624
01/11/2018,10 - 11,2870,1773,4643
01/11/2018,11 - 12,2865,1771,4636
01/11/2018,12 - 13,2807,1773,4580
01/11/2018,13 - 14,2799,1797,4596
01/11/2018,14 - 15,2750,1774,4524
01/11/2018,15 - 16,2700,1773,4473
01/11/2018,16 - 17,2767,1873,4640
01/11/2018,17 - 18,3012,2050,5062
01/11/2018,18 - 19,2874,1987,4861
01/11/2018,19 - 20,2689,1844,4533
01/11/2018,20 - 21,2547,1713,4260
01/11/2018,21 - 22,2356,1588,3944
01/11/2018,22 - 23,2138,1410,3548
01/11/2018,23 - 00,1956,1290,3246
02/11/2018,00 - 01,1852,1189,3041
02/11/2018,01 - 02,1794,1137,2931
02/11/2018,02 - 03,1780,1106,2886
02/11/2018,03 - 04,1776,1115,2891
02/11/2018,04 - 05,1817,1129,2946
02/11/2018,05 - 06,1958,1219,3177
02/11/2018,06 - 07,2416,1491,3907
02/11/2018,07 - 08,2761,1705,4466
02/11/2018,08 - 09,2844,1786,4630
02/11/2018,09 - 10,2881,1797,4678
02/11/2018,10 - 11,2931,1810,4741
02/11/2018,11 - 12,2847,1765,4612
02/11/2018,12 - 13,2758,1748,4506
02/11/2018,13 - 14,2711,1758,4469
02/11/2018,14 - 15,2601,1731,4332
02/11/2018,15 - 16,2443,1714,4157
02/11/2018,16 - 17,2571,1801,4372
02/11/2018,17 - 18,2785,1985,4770
02/11/2018,18 - 19,2710,1936,4646
02/11/2018,19 - 20,2475,1778,4253
02/11/2018,20 - 21,2304,1632,3936
02/11/2018,21 - 22,2179,1516,3695
02/11/2018,22 - 23,2052,1419,3471
02/11/2018,23 - 00,1893,1322,3215
03/11/2018,00 - 01,1775,1218,2993
03/11/2018,01 - 02,1714,1164,2878
03/11/2018,02 - 03,1706,1138,2844
03/11/2018,03 - 04,1691,1135,2826
03/11/2018,04 - 05,1720,1137,2857
03/11/2018,05 - 06,1788,1182,2970
03/11/2018,06 - 07,1907,1274,3181
03/11/2018,07 - 08,2049,1383,3432
03/11/2018,08 - 09,2191,1509,3700
03/11/2018,09 - 10,2249,1589,3838
03/11/2018,10 - 11,2267,1623,3890
03/11/2018,11 - 12,2247,1622,3869
03/11/2018,12 - 13,2200,1600,3800
03/11/2018,13 - 14,2165,1587,3752
03/11/2018,14 - 15,2162,1565,3727
03/11/2018,15 - 16,2163,1564,3727
03/11/2018,16 - 17,2290,1672,3962
03/11/2018,17 - 18,2578,1875,4453
03/11/2018,18 - 19,2508,1846,4354
03/11/2018,19 - 20,2315,1710,4025
03/11/2018,20 - 21,2207,1597,3804
03/11/2018,21 - 22,2071,1498,3569
03/11/2018,22 - 23,1946,1386,3332
03/11/2018,23 - 00,1813,1299,3112
04/11/2018,00 - 01,1718,1222,2940
04/11/2018,01 - 02,1662,1195,2857
04/11/2018,02 - 03,1648,1174,2822
04/11/2018,03 - 04,1650,1168,2818
04/11/2018,04 - 05,1645,1165,2810
04/11/2018,05 - 06,1693,1180,2873
04/11/2018,06 - 07,1815,1237,3052
04/11/2018,07 - 08,1948,1345,3293
04/11/2018,08 - 09,2094,1474,3568
04/11/2018,09 - 10,2189,1559,3748
04/11/2018,10 - 11,2221,1616,3837
04/11/2018,11 - 12,2201,1623,3824
04/11/2018,12 - 13,2190,1618,3808
04/11/2018,13 - 14,2185,1586,3771
04/11/2018,14 - 15,2179,1590,3769
04/11/2018,15 - 16,2224,1610,3834
04/11/2018,16 - 17,2358,1711,4069
04/11/2018,17 - 18,2629,1890,4519
04/11/2018,18 - 19,2537,1852,4389
04/11/2018,19 - 20,2368,1726,4094
04/11/2018,20 - 21,2249,1597,3846
04/11/2018,21 - 22,2104,1484,3588
04/11/2018,22 - 23,1975,1362,3337
04/11/2018,23 - 00,1842,1248,3090
05/11/2018,00 - 01,1759,1160,2919
05/11/2018,01 - 02,1721,1111,2832
05/11/2018,02 - 03,1715,1090,2805
05/11/2018,03 - 04,1718,1098,2816
05/11/2018,04 - 05,1769,1123,2892
05/11/2018,05 - 06,1947,1233,3180
05/11/2018,06 - 07,2328,1487,3815
05/11/2018,07 - 08,2695,1708,4403
05/11/2018,08 - 09,2800,1773,4573
05/11/2018,09 - 10,2825,1851,4676
05/11/2018,10 - 11,2914,1893,4807
05/11/2018,11 - 12,2879,1885,4764
05/11/2018,12 - 13,2775,1859,4634
05/11/2018,13 - 14,2782,1864,4646
05/11/2018,14 - 15,2770,1835,4605
05/11/2018,15 - 16,2748,1839,4587
05/11/2018,16 - 17,2833,1923,4756
05/11/2018,17 - 18,3047,2071,5118
05/11/2018,18 - 19,2882,1994,4876
05/11/2018,19 - 20,2699,1856,4555
05/11/2018,20 - 21,2566,1723,4289
05/11/2018,21 - 22,2386,1594,3980
05/11/2018,22 - 23,2184,1440,3624
05/11/2018,23 - 00,2006,1293,3299
06/11/2018,00 - 01,1965,1188,3153
06/11/2018,01 - 02,1853,1140,2993
06/11/2018,02 - 03,1879,1118,2997
06/11/2018,03 - 04,1887,1121,3008
06/11/2018,04 - 05,1940,1147,3087
06/11/2018,05 - 06,2066,1253,3319
06/11/2018,06 - 07,2432,1517,3949
06/11/2018,07 - 08,2770,1710,4480
06/11/2018,08 - 09,2858,1792,4650
06/11/2018,09 - 10,2886,1803,4689
06/11/2018,10 - 11,2931,1817,4748
06/11/2018,11 - 12,2904,1804,4708
06/11/2018,12 - 13,2850,1802,4652
06/11/2018,13 - 14,2870,1789,4659
06/11/2018,14 - 15,2823,1765,4588
06/11/2018,15 - 16,2748,1744,4492
06/11/2018,16 - 17,2817,1869,4686
06/11/2018,17 - 18,3058,2078,5136
06/11/2018,18 - 19,2930,2007,4937
06/11/2018,19 - 20,2754,1872,4626
06/11/2018,20 - 21,2582,1738,4320
06/11/2018,21 - 22,2417,1591,4008
06/11/2018,22 - 23,2240,1437,3677
06/11/2018,23 - 00,2051,1297,3348
07/11/2018,00 - 01,1949,1207,3156
07/11/2018,01 - 02,1876,1162,3038
07/11/2018,02 - 03,1830,1133,2963
07/11/2018,03 - 04,1839,1143,2982
07/11/2018,04 - 05,1904,1164,3068
07/11/2018,05 - 06,2071,1267,3338
07/11/2018,06 - 07,2512,1538,4050
07/11/2018,07 - 08,2838,1741,4579
07/11/2018,08 - 09,2897,1804,4701
07/11/2018,09 - 10,2904,1798,4702
07/11/2018,10 - 11,2937,1824,4761
07/11/2018,11 - 12,2981,1812,4793
07/11/2018,12 - 13,2954,1810,4764
07/11/2018,13 - 14,2905,1800,4705
07/11/2018,14 - 15,2834,1791,4625
07/11/2018,15 - 16,2760,1774,4534
07/11/2018,16 - 17,2856,1871,4727
07/11/2018,17 - 18,3080,2067,5147
07/11/2018,18 - 19,2979,1976,4955
07/11/2018,19 - 20,2793,1837,4630
07/11/2018,20 - 21,2632,1709,4341
07/11/2018,21 - 22,2447,1596,4043
07/11/2018,22 - 23,2229,1444,3673
07/11/2018,23 - 00,2031,1297,3328
08/11/2018,00 - 01,1953,1211,3164
08/11/2018,01 - 02,1873,1164,3037
08/11/2018,02 - 03,1827,1141,2968
08/11/2018,03 - 04,1851,1145,2996
08/11/2018,04 - 05,1905,1178,3083
08/11/2018,05 - 06,2059,1282,3341
08/11/2018,06 - 07,2467,1546,4013
08/11/2018,07 - 08,2821,1759,4580
08/11/2018,08 - 09,2902,1835,4737
08/11/2018,09 - 10,2931,1784,4715
08/11/2018,10 - 11,2962,1832,4794
08/11/2018,11 - 12,2926,1833,4759
08/11/2018,12 - 13,2846,1813,4659
08/11/2018,13 - 14,2856,1818,4674
08/11/2018,14 - 15,2803,1793,4596
08/11/2018,15 - 16,2705,1770,4475
08/11/2018,16 - 17,2774,1848,4622
08/11/2018,17 - 18,3029,2040,5069
08/11/2018,18 - 19,2905,1984,4889
08/11/2018,19 - 20,2705,1841,4546
08/11/2018,20 - 21,2564,1725,4289
08/11/2018,21 - 22,2387,1596,3983
08/11/2018,22 - 23,2214,1446,3660
08/11/2018,23 - 00,2038,1314,3352
09/11/2018,00 - 01,1932,1219,3151
09/11/2018,01 - 02,1942,1169,3111
09/11/2018,02 - 03,1859,1145,3004
09/11/2018,03 - 04,1864,1147,3011
09/11/2018,04 - 05,1923,1162,3085
09/11/2018,05 - 06,2054,1272,3326
09/11/2018,06 - 07,2464,1523,3987
09/11/2018,07 - 08,2819,1759,4578
09/11/2018,08 - 09,2908,1806,4714
09/11/2018,09 - 10,2894,1827,4721
09/11/2018,10 - 11,2927,1852,4779
09/11/2018,11 - 12,2864,1862,4726
09/11/2018,12 - 13,2754,1843,4597
09/11/2018,13 - 14,2710,1814,4524
09/11/2018,14 - 15,2643,1796,4439
09/11/2018,15 - 16,2597,1761,4358
09/11/2018,16 - 17,2680,1845,4525
09/11/2018,17 - 18,2853,1982,4835
09/11/2018,18 - 19,2721,1918,4639
09/11/2018,19 - 20,2493,1772,4265
09/11/2018,20 - 21,2373,1622,3995
09/11/2018,21 - 22,2225,1505,3730
09/11/2018,22 - 23,2036,1389,3425
09/11/2018,23 - 00,1981,1290,3271
10/11/2018,00 - 01,1852,1193,3045
10/11/2018,01 - 02,1741,1135,2876
10/11/2018,02 - 03,1703,1108,2811
10/11/2018,03 - 04,1698,1091,2789
10/11/2018,04 - 05,1681,1092,2773
10/11/2018,05 - 06,1728,1114,2842
10/11/2018,06 - 07,1874,1208,3082
10/11/2018,07 - 08,2060,1345,3405
10/11/2018,08 - 09,2262,1473,3735
10/11/2018,09 - 10,2374,1580,3954
10/11/2018,10 - 11,2397,1660,4057
10/11/2018,11 - 12,2324,1666,3990
10/11/2018,12 - 13,2285,1652,3937
10/11/2018,13 - 14,2269,1647,3916
10/11/2018,14 - 15,2275,1622,3897
10/11/2018,15 - 16,2299,1647,3946
10/11/2018,16 - 17,2460,1762,4222
10/11/2018,17 - 18,2655,1883,4538
10/11/2018,18 - 19,2446,1774,4220
10/11/2018,19 - 20,2283,1630,3913
10/11/2018,20 - 21,2154,1528,3682
10/11/2018,21 - 22,2006,1453,3459
10/11/2018,22 - 23,1970,1350,3320
10/11/2018,23 - 00,1870,1258,3128
11/11/2018,00 - 01,1660,1174,2834
11/11/2018,01 - 02,1578,1101,2679
11/11/2018,02 - 03,1533,1065,2598
11/11/2018,03 - 04,1538,1043,2581
11/11/2018,04 - 05,1562,1034,2596
11/11/2018,05 - 06,1605,1051,2656
11/11/2018,06 - 07,1707,1136,2843
11/11/2018,07 - 08,1870,1233,3103
11/11/2018,08 - 09,2001,1362,3363
11/11/2018,09 - 10,2103,1479,3582
11/11/2018,10 - 11,2287,1553,3840
11/11/2018,11 - 12,2266,1577,3843
11/11/2018,12 - 13,2161,1588,3749
11/11/2018,13 - 14,2157,1581,3738
11/11/2018,14 - 15,2158,1585,3743
11/11/2018,15 - 16,2183,1589,3772
11/11/2018,16 - 17,2343,1684,4027
11/11/2018,17 - 18,2715,1850,4565
11/11/2018,18 - 19,2631,1839,4470
11/11/2018,19 - 20,2467,1716,4183
11/11/2018,20 - 21,2275,1592,3867
11/11/2018,21 - 22,2129,1493,3622
11/11/2018,22 - 23,1954,1364,3318
11/11/2018,23 - 00,1797,1255,3052
12/11/2018,00 - 01,1785,1158,2943
12/11/2018,01 - 02,1681,1171,2852
12/11/2018,02 - 03,1659,1138,2797
12/11/2018,03 - 04,1678,1174,2852
12/11/2018,04 - 05,1741,1142,2883
12/11/2018,05 - 06,1915,1210,3125
12/11/2018,06 - 07,2348,1509,3857
12/11/2018,07 - 08,2725,1738,4463
12/11/2018,08 - 09,2811,1793,4604
12/11/2018,09 - 10,2811,1811,4622
12/11/2018,10 - 11,2853,1867,4720
12/11/2018,11 - 12,2855,1851,4706
12/11/2018,12 - 13,2775,1755,4530
12/11/2018,13 - 14,2786,1746,4532
12/11/2018,14 - 15,2792,1824,4616
12/11/2018,15 - 16,2728,1836,4564
12/11/2018,16 - 17,2848,1971,4819
12/11/2018,17 - 18,3052,2118,5170
12/11/2018,18 - 19,2896,2042,4938
12/11/2018,19 - 20,2701,1904,4605
12/11/2018,20 - 21,2509,1747,4256
12/11/2018,21 - 22,2337,1626,3963
12/11/2018,22 - 23,2192,1524,3716
12/11/2018,23 - 00,2029,1363,3392
13/11/2018,00 - 01,1913,1271,3184
13/11/2018,01 - 02,1893,1217,3110
13/11/2018,02 - 03,1852,1229,3081
13/11/2018,03 - 04,1847,1244,3091
13/11/2018,04 - 05,1877,1199,3076
13/11/2018,05 - 06,2037,1264,3301
13/11/2018,06 - 07,2478,1517,3995
13/11/2018,07 - 08,2856,1761,4617
13/11/2018,08 - 09,2900,1827,4727
13/11/2018,09 - 10,2901,1686,4587
13/11/2018,10 - 11,2999,1740,4739
13/11/2018,11 - 12,2975,1819,4794
13/11/2018,12 - 13,2932,1803,4735
13/11/2018,13 - 14,2915,1781,4696
13/11/2018,14 - 15,2902,1791,4693
13/11/2018,15 - 16,2842,1794,4636
13/11/2018,16 - 17,2945,1878,4823
13/11/2018,17 - 18,3090,2000,5090
13/11/2018,18 - 19,2938,1922,4860
13/11/2018,19 - 20,2744,1782,4526
13/11/2018,20 - 21,2568,1648,4216
13/11/2018,21 - 22,2460,1518,3978
13/11/2018,22 - 23,2236,1347,3583
13/11/2018,23 - 00,2067,1210,3277
14/11/2018,00 - 01,1930,1140,3070
14/11/2018,01 - 02,1848,1090,2938
14/11/2018,02 - 03,1826,1071,2897
14/11/2018,03 - 04,1825,1073,2898
14/11/2018,04 - 05,1914,1111,3025
14/11/2018,05 - 06,2046,1224,3270
14/11/2018,06 - 07,2440,1474,3914
14/11/2018,07 - 08,2841,1712,4553
14/11/2018,08 - 09,2876,1781,4657
14/11/2018,09 - 10,2883,1807,4690
14/11/2018,10 - 11,2947,1849,4796
14/11/2018,11 - 12,2935,1844,4779
14/11/2018,12 - 13,2863,1829,4692
14/11/2018,13 - 14,2895,1811,4706
14/11/2018,14 - 15,2870,1832,4702
14/11/2018,15 - 16,2791,1842,4633
14/11/2018,16 - 17,2879,1961,4840
14/11/2018,17 - 18,3064,2093,5157
14/11/2018,18 - 19,2929,2021,4950
14/11/2018,19 - 20,2753,1869,4622
14/11/2018,20 - 21,2607,1706,4313
14/11/2018,21 - 22,2490,1594,4084
14/11/2018,22 - 23,2310,1437,3747
14/11/2018,23 - 00,2088,1308,3396
15/11/2018,00 - 01,1939,1244,3183
15/11/2018,01 - 02,1871,1201,3072
15/11/2018,02 - 03,1833,1179,3012
15/11/2018,03 - 04,1835,1175,3010
15/11/2018,04 - 05,1888,1203,3091
15/11/2018,05 - 06,2054,1312,3366
15/11/2018,06 - 07,2477,1549,4026
15/11/2018,07 - 08,2825,1791,4616
15/11/2018,08 - 09,2890,1860,4750
15/11/2018,09 - 10,2866,1852,4718
15/11/2018,10 - 11,2885,1861,4746
15/11/2018,11 - 12,2795,1797,4592
15/11/2018,12 - 13,2646,1753,4399
15/11/2018,13 - 14,2670,1717,4387
15/11/2018,14 - 15,2695,1725,4420
15/11/2018,15 - 16,2667,1759,4426
15/11/2018,16 - 17,2803,1890,4693
15/11/2018,17 - 18,3037,2042,5079
15/11/2018,18 - 19,2893,1966,4859
15/11/2018,19 - 20,2693,1823,4516
15/11/2018,20 - 21,2563,1706,4269
15/11/2018,21 - 22,2387,1560,3947
15/11/2018,22 - 23,2183,1409,3592
15/11/2018,23 - 00,2027,1276,3303
16/11/2018,00 - 01,1896,1190,3086
16/11/2018,01 - 02,1884,1131,3015
16/11/2018,02 - 03,1856,1107,2963
16/11/2018,03 - 04,1857,1114,2971
16/11/2018,04 - 05,1891,1138,3029
16/11/2018,05 - 06,2056,1255,3311
16/11/2018,06 - 07,2466,1521,3987
16/11/2018,07 - 08,2871,1720,4591
16/11/2018,08 - 09,2969,1778,4747
16/11/2018,09 - 10,2884,1787,4671
16/11/2018,10 - 11,2891,1787,4678
16/11/2018,11 - 12,2819,1760,4579
16/11/2018,12 - 13,2711,1737,4448
16/11/2018,13 - 14,2625,1711,4336
16/11/2018,14 - 15,2525,1694,4219
16/11/2018,15 - 16,2483,1697,4180
16/11/2018,16 - 17,2654,1833,4487
16/11/2018,17 - 18,2883,1979,4862
16/11/2018,18 - 19,2744,1932,4676
16/11/2018,19 - 20,2527,1793,4320
16/11/2018,20 - 21,2411,1655,4066
16/11/2018,21 - 22,2282,1540,3822
16/11/2018,22 - 23,2142,1434,3576
16/11/2018,23 - 00,1931,1321,3252
17/11/2018,00 - 01,1810,1225,3035
17/11/2018,01 - 02,1735,1167,2902
17/11/2018,02 - 03,1684,1114,2798
17/11/2018,03 - 04,1674,1122,2796
17/11/2018,04 - 05,1690,1130,2820
17/11/2018,05 - 06,1775,1168,2943
17/11/2018,06 - 07,1921,1238,3159
17/11/2018,07 - 08,2186,1356,3542
17/11/2018,08 - 09,2328,1496,3824
17/11/2018,09 - 10,2390,1601,3991
17/11/2018,10 - 11,2403,1664,4067
17/11/2018,11 - 12,2372,1651,4023
17/11/2018,12 - 13,2319,1640,3959
17/11/2018,13 - 14,2269,1635,3904
17/11/2018,14 - 15,2250,1616,3866
17/11/2018,15 - 16,2245,1640,3885
17/11/2018,16 - 17,2403,1774,4177
17/11/2018,17 - 18,2684,1942,4626
17/11/2018,18 - 19,2603,1895,4498
17/11/2018,19 - 20,2410,1799,4209
17/11/2018,20 - 21,2265,1692,3957
17/11/2018,21 - 22,2153,1604,3757
17/11/2018,22 - 23,2030,1512,3542
17/11/2018,23 - 00,1895,1408,3303
18/11/2018,00 - 01,1830,1323,3153
18/11/2018,01 - 02,1723,1252,2975
18/11/2018,02 - 03,1690,1219,2909
18/11/2018,03 - 04,1675,1195,2870
18/11/2018,04 - 05,1679,1191,2870
18/11/2018,05 - 06,1715,1203,2918
18/11/2018,06 - 07,1830,1286,3116
18/11/2018,07 - 08,1985,1364,3349
18/11/2018,08 - 09,2135,1488,3623
18/11/2018,09 - 10,2257,1572,3829
18/11/2018,10 - 11,2296,1642,3938
18/11/2018,11 - 12,2278,1667,3945
18/11/2018,12 - 13,2195,1659,3854
18/11/2018,13 - 14,2163,1670,3833
18/11/2018,14 - 15,2184,1667,3851
18/11/2018,15 - 16,2242,1727,3969
18/11/2018,16 - 17,2450,1872,4322
18/11/2018,17 - 18,2724,2013,4737
18/11/2018,18 - 19,2615,1956,4571
18/11/2018,19 - 20,2432,1829,4261
18/11/2018,20 - 21,2226,1688,3914
18/11/2018,21 - 22,2107,1568,3675
18/11/2018,22 - 23,1958,1429,3387
18/11/2018,23 - 00,1849,1331,3180
19/11/2018,00 - 01,1803,1234,3037
19/11/2018,01 - 02,1777,1197,2974
19/11/2018,02 - 03,1775,1180,2955
19/11/2018,03 - 04,1782,1181,2963
19/11/2018,04 - 05,1848,1218,3066
19/11/2018,05 - 06,1993,1330,3323
19/11/2018,06 - 07,2450,1571,4021
19/11/2018,07 - 08,2974,1811,4785
19/11/2018,08 - 09,3051,1849,4900
19/11/2018,09 - 10,3022,1891,4913
19/11/2018,10 - 11,3080,1910,4990
19/11/2018,11 - 12,3065,1902,4967
19/11/2018,12 - 13,3045,1895,4940
19/11/2018,13 - 14,3056,1905,4961
19/11/2018,14 - 15,3009,1903,4912
19/11/2018,15 - 16,2952,1893,4845
19/11/2018,16 - 17,3066,1985,5051
19/11/2018,17 - 18,3273,2157,5430
19/11/2018,18 - 19,3020,2098,5118
19/11/2018,19 - 20,2828,1958,4786
19/11/2018,20 - 21,2684,1823,4507
19/11/2018,21 - 22,2498,1698,4196
19/11/2018,22 - 23,2330,1548,3878
19/11/2018,23 - 00,2161,1406,3567
20/11/2018,00 - 01,2058,1317,3375
20/11/2018,01 - 02,1983,1283,3266
20/11/2018,02 - 03,1975,1261,3236
20/11/2018,03 - 04,2004,1265,3269
20/11/2018,04 - 05,2021,1311,3332
20/11/2018,05 - 06,2163,1409,3572
20/11/2018,06 - 07,2562,1686,4248
20/11/2018,07 - 08,2998,1924,4922
20/11/2018,08 - 09,2704,1897,4601
20/11/2018,09 - 10,3039,1954,4993
20/11/2018,10 - 11,3107,1977,5084
20/11/2018,11 - 12,3078,1971,5049
20/11/2018,12 - 13,2984,1945,4929
20/11/2018,13 - 14,3012,1948,4960
20/11/2018,14 - 15,3061,1933,4994
20/11/2018,15 - 16,2987,1918,4905
20/11/2018,16 - 17,3101,2032,5133
20/11/2018,17 - 18,3254,2119,5373
20/11/2018,18 - 19,3106,2042,5148
20/11/2018,19 - 20,2921,1941,4862
20/11/2018,20 - 21,2737,1827,4564
20/11/2018,21 - 22,2514,1704,4218
20/11/2018,22 - 23,2351,1573,3924
20/11/2018,23 - 00,2218,1436,3654
21/11/2018,00 - 01,2064,1340,3404
21/11/2018,01 - 02,2011,1315,3326
21/11/2018,02 - 03,1962,1294,3256
21/11/2018,03 - 04,1978,1296,3274
21/11/2018,04 - 05,2073,1324,3397
21/11/2018,05 - 06,2241,1444,3685
21/11/2018,06 - 07,2617,1697,4314
21/11/2018,07 - 08,3027,1874,4901
21/11/2018,08 - 09,3100,1927,5027
21/11/2018,09 - 10,3107,1961,5068
21/11/2018,10 - 11,3140,1973,5113
21/11/2018,11 - 12,3106,1928,5034
21/11/2018,12 - 13,3036,1920,4956
21/11/2018,13 - 14,3012,1911,4923
21/11/2018,14 - 15,2957,1914,4871
21/11/2018,15 - 16,2911,1944,4855
21/11/2018,16 - 17,3038,2044,5082
21/11/2018,17 - 18,3244,2173,5417
21/11/2018,18 - 19,3056,2081,5137
21/11/2018,19 - 20,2839,1953,4792
21/11/2018,20 - 21,2681,1845,4526
21/11/2018,21 - 22,2491,1758,4249
21/11/2018,22 - 23,2335,1596,3931
21/11/2018,23 - 00,2103,1440,3543
22/11/2018,00 - 01,2092,1323,3415
22/11/2018,01 - 02,1995,1276,3271
22/11/2018,02 - 03,1950,1240,3190
22/11/2018,03 - 04,1984,1247,3231
22/11/2018,04 - 05,2007,1290,3297
22/11/2018,05 - 06,2129,1390,3519
22/11/2018,06 - 07,2532,1652,4184
22/11/2018,07 - 08,2929,1883,4812
22/11/2018,08 - 09,3014,1942,4956
22/11/2018,09 - 10,2992,1939,4931
22/11/2018,10 - 11,3073,2004,5077
22/11/2018,11 - 12,3085,1989,5074
22/11/2018,12 - 13,3010,1979,4989
22/11/2018,13 - 14,2999,1979,4978
22/11/2018,14 - 15,2915,1978,4893
22/11/2018,15 - 16,2871,2000,4871
22/11/2018,16 - 17,2939,2112,5051
22/11/2018,17 - 18,3136,2227,5363
22/11/2018,18 - 19,3005,2138,5143
22/11/2018,19 - 20,2845,2010,4855
22/11/2018,20 - 21,2692,1873,4565
22/11/2018,21 - 22,2471,1754,4225
22/11/2018,22 - 23,2302,1603,3905
22/11/2018,23 - 00,2119,1474,3593
23/11/2018,00 - 01,2019,1390,3409
23/11/2018,01 - 02,1960,1331,3291
23/11/2018,02 - 03,1924,1304,3228
23/11/2018,03 - 04,1937,1306,3243
23/11/2018,04 - 05,1995,1337,3332
23/11/2018,05 - 06,2150,1454,3604
23/11/2018,06 - 07,2524,1677,4201
23/11/2018,07 - 08,2881,1891,4772
23/11/2018,08 - 09,2982,1999,4981
23/11/2018,09 - 10,3020,2069,5089
23/11/2018,10 - 11,3052,2060,5112
23/11/2018,11 - 12,3020,2068,5088
23/11/2018,12 - 13,2920,2060,4980
23/11/2018,13 - 14,2836,2033,4869
23/11/2018,14 - 15,2742,2011,4753
23/11/2018,15 - 16,2695,2024,4719
23/11/2018,16 - 17,2788,2125,4913
23/11/2018,17 - 18,2891,2173,5064
23/11/2018,18 - 19,2769,2161,4930
23/11/2018,19 - 20,2585,2025,4610
23/11/2018,20 - 21,2445,1851,4296
23/11/2018,21 - 22,2335,1712,4047
23/11/2018,22 - 23,2186,1592,3778
23/11/2018,23 - 00,2052,1474,3526
24/11/2018,00 - 01,1925,1367,3292
24/11/2018,01 - 02,1836,1296,3132
24/11/2018,02 - 03,1792,1255,3047
24/11/2018,03 - 04,1775,1245,3020
24/11/2018,04 - 05,1803,1238,3041
24/11/2018,05 - 06,1867,1270,3137
24/11/2018,06 - 07,1998,1354,3352
24/11/2018,07 - 08,2173,1477,3650
24/11/2018,08 - 09,2329,1597,3926
24/11/2018,09 - 10,2454,1714,4168
24/11/2018,10 - 11,2509,1789,4298
24/11/2018,11 - 12,2509,1808,4317
24/11/2018,12 - 13,2449,1797,4246
24/11/2018,13 - 14,2415,1798,4213
24/11/2018,14 - 15,2402,1789,4191
24/11/2018,15 - 16,2415,1813,4228
24/11/2018,16 - 17,2532,1912,4444
24/11/2018,17 - 18,2760,2024,4784
24/11/2018,18 - 19,2666,1990,4656
24/11/2018,19 - 20,2478,1862,4340
24/11/2018,20 - 21,2332,1749,4081
24/11/2018,21 - 22,2199,1640,3839
24/11/2018,22 - 23,2052,1555,3607
24/11/2018,23 - 00,1965,1468,3433
25/11/2018,00 - 01,1878,1363,3241
25/11/2018,01 - 02,1809,1284,3093
25/11/2018,02 - 03,1775,1241,3016
25/11/2018,03 - 04,1752,1223,2975
25/11/2018,04 - 05,1763,1222,2985
25/11/2018,05 - 06,1809,1248,3057
25/11/2018,06 - 07,1917,1316,3233
25/11/2018,07 - 08,2099,1424,3523
25/11/2018,08 - 09,2248,1548,3796
25/11/2018,09 - 10,2351,1669,4020
25/11/2018,10 - 11,2400,1744,4144
25/11/2018,11 - 12,2419,1768,4187
25/11/2018,12 - 13,2404,1771,4175
25/11/2018,13 - 14,2380,1766,4146
25/11/2018,14 - 15,2369,1756,4125
25/11/2018,15 - 16,2388,1762,4150
25/11/2018,16 - 17,2593,1906,4499
25/11/2018,17 - 18,2802,2028,4830
25/11/2018,18 - 19,2749,2014,4763
25/11/2018,19 - 20,2580,1906,4486
25/11/2018,20 - 21,2426,1801,4227
25/11/2018,21 - 22,2285,1689,3974
25/11/2018,22 - 23,2158,1559,3717
25/11/2018,23 - 00,2030,1436,3466
26/11/2018,00 - 01,1959,1350,3309
26/11/2018,01 - 02,1917,1295,3212
26/11/2018,02 - 03,1919,1286,3205
26/11/2018,03 - 04,1954,1371,3325
26/11/2018,04 - 05,2025,1397,3422
26/11/2018,05 - 06,2191,1487,3678
26/11/2018,06 - 07,2563,1728,4291
26/11/2018,07 - 08,2940,2008,4948
26/11/2018,08 - 09,3112,2104,5216
26/11/2018,09 - 10,3076,2089,5165
26/11/2018,10 - 11,3089,2075,5164
26/11/2018,11 - 12,3047,2046,5093
26/11/2018,12 - 13,2971,2022,4993
26/11/2018,13 - 14,2974,2010,4984
26/11/2018,14 - 15,2925,1989,4914
26/11/2018,15 - 16,2896,2014,4910
26/11/2018,16 - 17,3041,2184,5225
26/11/2018,17 - 18,3240,2319,5559
26/11/2018,18 - 19,3081,2244,5325
26/11/2018,19 - 20,2891,2089,4980
26/11/2018,20 - 21,2735,1951,4686
26/11/2018,21 - 22,2585,1803,4388
26/11/2018,22 - 23,2405,1632,4037
26/11/2018,23 - 00,2229,1481,3710
27/11/2018,00 - 01,2127,1395,3522
27/11/2018,01 - 02,2073,1352,3425
27/11/2018,02 - 03,2051,1311,3362
27/11/2018,03 - 04,2044,1327,3371
27/11/2018,04 - 05,2108,1366,3474
27/11/2018,05 - 06,2265,1478,3743
27/11/2018,06 - 07,2664,1762,4426
27/11/2018,07 - 08,3003,2044,5047
27/11/2018,08 - 09,3097,2120,5217
27/11/2018,09 - 10,3009,2139,5148
27/11/2018,10 - 11,3124,2128,5252
27/11/2018,11 - 12,3067,2084,5151
27/11/2018,12 - 13,2991,2085,5076
27/11/2018,13 - 14,3018,2019,5037
27/11/2018,14 - 15,2957,2008,4965
27/11/2018,15 - 16,2905,2027,4932
27/11/2018,16 - 17,3061,2133,5194
27/11/2018,17 - 18,3295,2253,5548
27/11/2018,18 - 19,3146,2192,5338
27/11/2018,19 - 20,2968,2013,4981
27/11/2018,20 - 21,2852,1872,4724
27/11/2018,21 - 22,2690,1735,4425
27/11/2018,22 - 23,2484,1589,4073
27/11/2018,23 - 00,2308,1455,3763
28/11/2018,00 - 01,2245,1388,3633
28/11/2018,01 - 02,2134,1346,3480
28/11/2018,02 - 03,2123,1316,3439
28/11/2018,03 - 04,2142,1326,3468
28/11/2018,04 - 05,2181,1362,3543
28/11/2018,05 - 06,2344,1488,3832
28/11/2018,06 - 07,2808,1673,4481
28/11/2018,07 - 08,3234,1919,5153
28/11/2018,08 - 09,3344,1984,5328
28/11/2018,09 - 10,3345,1997,5342
28/11/2018,10 - 11,3322,2033,5355
28/11/2018,11 - 12,3223,2038,5261
28/11/2018,12 - 13,3150,2054,5204
28/11/2018,13 - 14,3166,2024,5190
28/11/2018,14 - 15,3116,2002,5118
28/11/2018,15 - 16,3083,1994,5077
28/11/2018,16 - 17,3224,2121,5345
28/11/2018,17 - 18,3376,2259,5635
28/11/2018,18 - 19,3203,2197,5400
28/11/2018,19 - 20,2996,2077,5073
28/11/2018,20 - 21,2848,1944,4792
28/11/2018,21 - 22,2694,1805,4499
28/11/2018,22 - 23,2486,1661,4147
28/11/2018,23 - 00,2328,1509,3837
29/11/2018,00 - 01,2197,1421,3618
29/11/2018,01 - 02,2141,1356,3497
29/11/2018,02 - 03,2124,1324,3448
29/11/2018,03 - 04,2133,1321,3454
29/11/2018,04 - 05,2185,1344,3529
29/11/2018,05 - 06,2345,1465,3810
29/11/2018,06 - 07,2711,1725,4436
29/11/2018,07 - 08,3131,1974,5105
29/11/2018,08 - 09,3252,2072,5324
29/11/2018,09 - 10,3223,2117,5340
29/11/2018,10 - 11,3285,2140,5425
29/11/2018,11 - 12,3286,2115,5401
29/11/2018,12 - 13,3206,2116,5322
29/11/2018,13 - 14,3213,2107,5320
29/11/2018,14 - 15,3159,2085,5244
29/11/2018,15 - 16,3104,2089,5193
29/11/2018,16 - 17,3202,2178,5380
29/11/2018,17 - 18,3351,2285,5636
29/11/2018,18 - 19,3191,2194,5385
29/11/2018,19 - 20,3002,2046,5048
29/11/2018,20 - 21,2844,1907,4751
29/11/2018,21 - 22,2704,1785,4489
29/11/2018,22 - 23,2465,1629,4094
29/11/2018,23 - 00,2271,1466,3737
30/11/2018,00 - 01,2116,1387,3503
30/11/2018,01 - 02,2044,1324,3368
30/11/2018,02 - 03,2000,1278,3278
30/11/2018,03 - 04,2052,1264,3316
30/11/2018,04 - 05,2107,1299,3406
30/11/2018,05 - 06,2267,1392,3659
30/11/2018,06 - 07,2635,1659,4294
30/11/2018,07 - 08,3041,1919,4960
30/11/2018,08 - 09,3112,1970,5082
30/11/2018,09 - 10,3098,1993,5091
30/11/2018,10 - 11,3084,2028,5112
30/11/2018,11 - 12,3068,2010,5078
30/11/2018,12 - 13,2946,1994,4940
30/11/2018,13 - 14,2898,1971,4869
30/11/2018,14 - 15,2737,1947,4684
30/11/2018,15 - 16,2701,1906,4607
30/11/2018,16 - 17,2838,2002,4840
30/11/2018,17 - 18,2976,2091,5067
30/11/2018,18 - 19,2855,2043,4898
30/11/2018,19 - 20,2634,1916,4550
30/11/2018,20 - 21,2473,1796,4269
30/11/2018,21 - 22,2364,1684,4048
30/11/2018,22 - 23,2222,1565,3787
30/11/2018,23 - 00,2051,1464,3515
01/12/2018,00 - 01,1959,1360,3319
01/12/2018,01 - 02,1885,1290,3175
01/12/2018,02 - 03,1842,1250,3092
01/12/2018,03 - 04,1791,1232,3023
01/12/2018,04 - 05,1830,1230,3060
01/12/2018,05 - 06,1818,1251,3069
01/12/2018,06 - 07,1947,1319,3266
01/12/2018,07 - 08,2161,1443,3604
01/12/2018,08 - 09,2295,1570,3865
01/12/2018,09 - 10,2383,1675,4058
01/12/2018,10 - 11,2444,1752,4196
01/12/2018,11 - 12,2403,1762,4165
01/12/2018,12 - 13,2366,1752,4118
01/12/2018,13 - 14,2335,1742,4077
01/12/2018,14 - 15,2344,1764,4108
01/12/2018,15 - 16,2388,1772,4160
01/12/2018,16 - 17,2548,1857,4405
01/12/2018,17 - 18,2694,1940,4634
01/12/2018,18 - 19,2586,1908,4494
01/12/2018,19 - 20,2417,1789,4206
01/12/2018,20 - 21,2285,1682,3967
01/12/2018,21 - 22,2161,1598,3759
01/12/2018,22 - 23,2030,1508,3538
01/12/2018,23 - 00,1897,1392,3289
02/12/2018,00 - 01,1797,1299,3096
02/12/2018,01 - 02,1744,1239,2983
02/12/2018,02 - 03,1713,1199,2912
02/12/2018,03 - 04,1685,1190,2875
02/12/2018,04 - 05,1781,1191,2972
02/12/2018,05 - 06,1852,1217,3069
02/12/2018,06 - 07,1947,1274,3221
02/12/2018,07 - 08,2119,1385,3504
02/12/2018,08 - 09,2300,1525,3825
02/12/2018,09 - 10,2388,1628,4016
02/12/2018,10 - 11,2444,1729,4173
02/12/2018,11 - 12,2439,1765,4204
02/12/2018,12 - 13,2422,1774,4196
02/12/2018,13 - 14,2389,1773,4162
02/12/2018,14 - 15,2395,1783,4178
02/12/2018,15 - 16,2403,1801,4204
02/12/2018,16 - 17,2533,1877,4410
02/12/2018,17 - 18,2742,1974,4716
02/12/2018,18 - 19,2645,1935,4580
02/12/2018,19 - 20,2463,1832,4295
02/12/2018,20 - 21,2298,1724,4022
02/12/2018,21 - 22,2198,1591,3789
02/12/2018,22 - 23,2065,1468,3533
02/12/2018,23 - 00,1939,1330,3269
03/12/2018,00 - 01,1853,1239,3092
03/12/2018,01 - 02,1821,1184,3005
03/12/2018,02 - 03,1808,1159,2967
03/12/2018,03 - 04,1834,1173,3007
03/12/2018,04 - 05,1908,1190,3098
03/12/2018,05 - 06,2048,1310,3358
03/12/2018,06 - 07,2475,1546,4021
03/12/2018,07 - 08,2929,1804,4733
03/12/2018,08 - 09,3099,1858,4957
03/12/2018,09 - 10,3062,1921,4983
03/12/2018,10 - 11,3093,1932,5025
03/12/2018,11 - 12,3105,1941,5046
03/12/2018,12 - 13,3056,1920,4976
03/12/2018,13 - 14,3065,1922,4987
03/12/2018,14 - 15,3028,1894,4922
03/12/2018,15 - 16,2952,1894,4846
03/12/2018,16 - 17,3061,2007,5068
03/12/2018,17 - 18,3212,2117,5329
03/12/2018,18 - 19,3080,2054,5134
03/12/2018,19 - 20,2879,1918,4797
03/12/2018,20 - 21,2715,1783,4498
03/12/2018,21 - 22,2494,1643,4137
03/12/2018,22 - 23,2330,1493,3823
03/12/2018,23 - 00,2159,1372,3531
04/12/2018,00 - 01,2071,1291,3362
04/12/2018,01 - 02,2033,1228,3261
04/12/2018,02 - 03,2008,1216,3224
04/12/2018,03 - 04,2027,1211,3238
04/12/2018,04 - 05,2092,1235,3327
04/12/2018,05 - 06,2248,1334,3582
04/12/2018,06 - 07,2617,1604,4221
04/12/2018,07 - 08,3024,1867,4891
04/12/2018,08 - 09,3147,1941,5088
04/12/2018,09 - 10,3096,1942,5038
04/12/2018,10 - 11,3136,1945,5081
04/12/2018,11 - 12,3090,1935,5025
04/12/2018,12 - 13,2986,1922,4908
04/12/2018,13 - 14,2994,1907,4901
04/12/2018,14 - 15,2946,1909,4855
04/12/2018,15 - 16,2944,1912,4856
04/12/2018,16 - 17,3089,2057,5146
04/12/2018,17 - 18,3263,2167,5430
04/12/2018,18 - 19,3112,2113,5225
04/12/2018,19 - 20,2962,1983,4945
04/12/2018,20 - 21,2793,1850,4643
04/12/2018,21 - 22,2670,1737,4407
04/12/2018,22 - 23,2459,1590,4049
04/12/2018,23 - 00,2319,1435,3754
05/12/2018,00 - 01,2210,1340,3550
05/12/2018,01 - 02,2110,1294,3404
05/12/2018,02 - 03,2054,1265,3319
05/12/2018,03 - 04,2088,1276,3364
05/12/2018,04 - 05,2119,1297,3416
05/12/2018,05 - 06,2215,1385,3600
05/12/2018,06 - 07,2643,1642,4285
05/12/2018,07 - 08,3050,1741,4791
05/12/2018,08 - 09,3128,1783,4911
05/12/2018,09 - 10,3043,1804,4847
05/12/2018,10 - 11,3049,1839,4888
05/12/2018,11 - 12,3003,1894,4897
05/12/2018,12 - 13,2940,1868,4808
05/12/2018,13 - 14,2990,1836,4826
05/12/2018,14 - 15,2953,1838,4791
05/12/2018,15 - 16,2910,1846,4756
05/12/2018,16 - 17,3042,1988,5030
05/12/2018,17 - 18,3212,2111,5323
05/12/2018,18 - 19,3086,2043,5129
05/12/2018,19 - 20,2868,1918,4786
05/12/2018,20 - 21,2708,1789,4497
05/12/2018,21 - 22,2537,1660,4197
05/12/2018,22 - 23,2369,1501,3870
05/12/2018,23 - 00,2152,1378,3530
06/12/2018,00 - 01,2027,1292,3319
06/12/2018,01 - 02,2006,1236,3242
06/12/2018,02 - 03,1993,1198,3191
06/12/2018,03 - 04,2001,1197,3198
06/12/2018,04 - 05,2043,1221,3264
06/12/2018,05 - 06,2158,1302,3460
06/12/2018,06 - 07,2548,1556,4104
06/12/2018,07 - 08,3021,1804,4825
06/12/2018,08 - 09,3124,1889,5013
06/12/2018,09 - 10,3103,1902,5005
06/12/2018,10 - 11,3118,1901,5019
06/12/2018,11 - 12,3095,1907,5002
06/12/2018,12 - 13,3052,1912,4964
06/12/2018,13 - 14,3088,1922,5010
06/12/2018,14 - 15,3072,1935,5007
06/12/2018,15 - 16,3040,1966,5006
06/12/2018,16 - 17,3145,2006,5151
06/12/2018,17 - 18,3208,2084,5292
06/12/2018,18 - 19,3073,2016,5089
06/12/2018,19 - 20,2920,1892,4812
06/12/2018,20 - 21,2734,1778,4512
06/12/2018,21 - 22,2581,1667,4248
06/12/2018,22 - 23,2434,1557,3991
06/12/2018,23 - 00,2226,1418,3644
07/12/2018,00 - 01,2070,1325,3395
07/12/2018,01 - 02,1981,1256,3237
07/12/2018,02 - 03,1973,1218,3191
07/12/2018,03 - 04,1953,1226,3179
07/12/2018,04 - 05,1981,1246,3227
07/12/2018,05 - 06,2083,1333,3416
07/12/2018,06 - 07,2449,1571,4020
07/12/2018,07 - 08,2948,1797,4745
07/12/2018,08 - 09,3067,1871,4938
07/12/2018,09 - 10,3029,1903,4932
07/12/2018,10 - 11,3073,1754,4827
07/12/2018,11 - 12,3039,1672,4711
07/12/2018,12 - 13,2879,1644,4523
07/12/2018,13 - 14,2850,1667,4517
07/12/2018,14 - 15,2793,1646,4439
07/12/2018,15 - 16,2819,1654,4473
07/12/2018,16 - 17,2927,1743,4670
07/12/2018,17 - 18,3004,1792,4796
07/12/2018,18 - 19,2847,1703,4550
07/12/2018,19 - 20,2666,1605,4271
07/12/2018,20 - 21,2533,1533,4066
07/12/2018,21 - 22,2379,1434,3813
07/12/2018,22 - 23,2182,1371,3553
07/12/2018,23 - 00,2131,1299,3430
08/12/2018,00 - 01,1998,1235,3233
08/12/2018,01 - 02,1999,1176,3175
08/12/2018,02 - 03,1976,1152,3128
08/12/2018,03 - 04,1922,1151,3073
08/12/2018,04 - 05,1939,1154,3093
08/12/2018,05 - 06,2013,1192,3205
08/12/2018,06 - 07,2047,1243,3290
08/12/2018,07 - 08,2281,1349,3630
08/12/2018,08 - 09,2466,1450,3916
08/12/2018,09 - 10,2536,1598,4134
08/12/2018,10 - 11,2576,1642,4218
08/12/2018,11 - 12,2571,1672,4243
08/12/2018,12 - 13,2518,1767,4285
08/12/2018,13 - 14,2466,1862,4328
08/12/2018,14 - 15,2470,1856,4326
08/12/2018,15 - 16,2507,1861,4368
08/12/2018,16 - 17,2658,1954,4612
08/12/2018,17 - 18,2787,2037,4824
08/12/2018,18 - 19,2682,2003,4685
08/12/2018,19 - 20,2477,1883,4360
08/12/2018,20 - 21,2439,1757,4196
08/12/2018,21 - 22,2314,1603,3917
08/12/2018,22 - 23,2176,1509,3685
08/12/2018,23 - 00,2025,1404,3429
09/12/2018,00 - 01,1889,1328,3217
09/12/2018,01 - 02,1824,1253,3077
09/12/2018,02 - 03,1809,1194,3003
09/12/2018,03 - 04,1748,1179,2927
09/12/2018,04 - 05,1744,1170,2914
09/12/2018,05 - 06,1774,1194,2968
09/12/2018,06 - 07,1882,1269,3151
09/12/2018,07 - 08,2058,1386,3444
09/12/2018,08 - 09,2233,1512,3745
09/12/2018,09 - 10,2318,1629,3947
09/12/2018,10 - 11,2359,1694,4053
09/12/2018,11 - 12,2382,1714,4096
09/12/2018,12 - 13,2377,1704,4081
09/12/2018,13 - 14,2378,1696,4074
09/12/2018,14 - 15,2382,1712,4094
09/12/2018,15 - 16,2407,1764,4171
09/12/2018,16 - 17,2570,1863,4433
09/12/2018,17 - 18,2783,1978,4761
09/12/2018,18 - 19,2715,1946,4661
09/12/2018,19 - 20,2575,1848,4423
09/12/2018,20 - 21,2472,1748,4220
09/12/2018,21 - 22,2366,1648,4014
09/12/2018,22 - 23,2260,1514,3774
09/12/2018,23 - 00,2140,1377,3517
10/12/2018,00 - 01,2090,1316,3406
10/12/2018,01 - 02,2031,1265,3296
10/12/2018,02 - 03,2010,1255,3265
10/12/2018,03 - 04,2054,1251,3305
10/12/2018,04 - 05,2130,1283,3413
10/12/2018,05 - 06,2262,1400,3662
10/12/2018,06 - 07,2629,1629,4258
10/12/2018,07 - 08,3003,1897,4900
10/12/2018,08 - 09,3095,1785,4880
10/12/2018,09 - 10,3069,1778,4847
10/12/2018,10 - 11,3088,1824,4912
10/12/2018,11 - 12,3075,1798,4873
10/12/2018,12 - 13,3025,1792,4817
10/12/2018,13 - 14,3037,1789,4826
10/12/2018,14 - 15,3007,1742,4749
10/12/2018,15 - 16,2990,1729,4719
10/12/2018,16 - 17,3170,1972,5142
10/12/2018,17 - 18,3338,2123,5461
10/12/2018,18 - 19,3147,2085,5232
10/12/2018,19 - 20,2962,1960,4922
10/12/2018,20 - 21,2781,1867,4648
10/12/2018,21 - 22,2645,1751,4396
10/12/2018,22 - 23,2459,1603,4062
10/12/2018,23 - 00,2289,1463,3752
11/12/2018,00 - 01,2175,1368,3543
11/12/2018,01 - 02,2121,1309,3430
11/12/2018,02 - 03,2046,1290,3336
11/12/2018,03 - 04,2060,1294,3354
11/12/2018,04 - 05,2101,1304,3405
11/12/2018,05 - 06,2216,1389,3605
11/12/2018,06 - 07,2596,1624,4220
11/12/2018,07 - 08,3048,1872,4920
11/12/2018,08 - 09,3183,1929,5112
11/12/2018,09 - 10,3109,1909,5018
11/12/2018,10 - 11,3141,1938,5079
11/12/2018,11 - 12,3116,1918,5034
11/12/2018,12 - 13,3031,1887,4918
11/12/2018,13 - 14,3081,1859,4940
11/12/2018,14 - 15,2947,1818,4765
11/12/2018,15 - 16,2976,1893,4869
11/12/2018,16 - 17,3113,2017,5130
11/12/2018,17 - 18,3276,2135,5411
11/12/2018,18 - 19,3121,2067,5188
11/12/2018,19 - 20,2933,1936,4869
11/12/2018,20 - 21,2760,1840,4600
11/12/2018,21 - 22,2549,1718,4267
11/12/2018,22 - 23,2356,1573,3929
11/12/2018,23 - 00,2161,1428,3589
12/12/2018,00 - 01,2039,1332,3371
12/12/2018,01 - 02,1978,1299,3277
12/12/2018,02 - 03,1966,1285,3251
12/12/2018,03 - 04,1966,1307,3273
12/12/2018,04 - 05,2003,1341,3344
12/12/2018,05 - 06,2166,1425,3591
12/12/2018,06 - 07,2579,1692,4271
12/12/2018,07 - 08,2979,1961,4940
12/12/2018,08 - 09,3129,2015,5144
12/12/2018,09 - 10,3079,1973,5052
12/12/2018,10 - 11,3076,1971,5047
12/12/2018,11 - 12,3052,1962,5014
12/12/2018,12 - 13,2991,1930,4921
12/12/2018,13 - 14,3025,1945,4970
12/12/2018,14 - 15,2967,1895,4862
12/12/2018,15 - 16,2922,1958,4880
12/12/2018,16 - 17,3037,2095,5132
12/12/2018,17 - 18,3197,2212,5409
12/12/2018,18 - 19,3037,2149,5186
12/12/2018,19 - 20,2857,2015,4872
12/12/2018,20 - 21,2689,1870,4559
12/12/2018,21 - 22,2550,1747,4297
12/12/2018,22 - 23,2329,1570,3899
12/12/2018,23 - 00,2146,1412,3558
13/12/2018,00 - 01,2038,1306,3344
13/12/2018,01 - 02,1983,1264,3247
13/12/2018,02 - 03,1976,1250,3226
13/12/2018,03 - 04,1970,1255,3225
13/12/2018,04 - 05,2026,1298,3324
13/12/2018,05 - 06,2197,1423,3620
13/12/2018,06 - 07,2624,1686,4310
13/12/2018,07 - 08,3030,1944,4974
13/12/2018,08 - 09,3198,2008,5206
13/12/2018,09 - 10,3147,2028,5175
13/12/2018,10 - 11,3199,2046,5245
13/12/2018,11 - 12,3158,2057,5215
13/12/2018,12 - 13,3082,2042,5124
13/12/2018,13 - 14,3076,2027,5103
13/12/2018,14 - 15,3014,2020,5034
13/12/2018,15 - 16,2977,2028,5005
13/12/2018,16 - 17,3074,2130,5204
13/12/2018,17 - 18,3242,2224,5466
13/12/2018,18 - 19,3111,2177,5288
13/12/2018,19 - 20,2926,2062,4988
13/12/2018,20 - 21,2773,1937,4710
13/12/2018,21 - 22,2567,1806,4373
13/12/2018,22 - 23,2384,1649,4033
13/12/2018,23 - 00,2218,1504,3722
14/12/2018,00 - 01,2121,1393,3514
14/12/2018,01 - 02,2079,1313,3392
14/12/2018,02 - 03,2061,1291,3352
14/12/2018,03 - 04,2055,1306,3361
14/12/2018,04 - 05,2101,1332,3433
14/12/2018,05 - 06,2249,1422,3671
14/12/2018,06 - 07,2648,1701,4349
14/12/2018,07 - 08,3045,1954,4999
14/12/2018,08 - 09,3136,2072,5208
14/12/2018,09 - 10,3063,2078,5141
14/12/2018,10 - 11,3091,2100,5191
14/12/2018,11 - 12,3102,2063,5165
14/12/2018,12 - 13,2943,2023,4966
14/12/2018,13 - 14,2894,2018,4912
14/12/2018,14 - 15,2794,2004,4798
14/12/2018,15 - 16,2750,2018,4768
14/12/2018,16 - 17,2853,2120,4973
14/12/2018,17 - 18,2971,2173,5144
14/12/2018,18 - 19,2848,2040,4888
14/12/2018,19 - 20,2685,1886,4571
14/12/2018,20 - 21,2549,1761,4310
14/12/2018,21 - 22,2370,1636,4006
14/12/2018,22 - 23,2207,1526,3733
14/12/2018,23 - 00,2064,1424,3488
15/12/2018,00 - 01,1963,1337,3300
15/12/2018,01 - 02,1877,1257,3134
15/12/2018,02 - 03,1835,1223,3058
15/12/2018,03 - 04,1805,1200,3005
15/12/2018,04 - 05,1831,1203,3034
15/12/2018,05 - 06,1871,1227,3098
15/12/2018,06 - 07,2006,1307,3313
15/12/2018,07 - 08,2209,1427,3636
15/12/2018,08 - 09,2425,1554,3979
15/12/2018,09 - 10,2513,1654,4167
15/12/2018,10 - 11,2574,1724,4298
15/12/2018,11 - 12,2564,1741,4305
15/12/2018,12 - 13,2512,1739,4251
15/12/2018,13 - 14,2462,1728,4190
15/12/2018,14 - 15,2444,1730,4174
15/12/2018,15 - 16,2483,1764,4247
15/12/2018,16 - 17,2632,1870,4502
15/12/2018,17 - 18,2812,1963,4775
15/12/2018,18 - 19,2742,1948,4690
15/12/2018,19 - 20,2570,1833,4403
15/12/2018,20 - 21,2418,1732,4150
15/12/2018,21 - 22,2344,1640,3984
15/12/2018,22 - 23,2237,1554,3791
15/12/2018,23 - 00,2138,1474,3612
16/12/2018,00 - 01,2028,1396,3424
16/12/2018,01 - 02,1960,1340,3300
16/12/2018,02 - 03,1943,1297,3240
16/12/2018,03 - 04,1920,1276,3196
16/12/2018,04 - 05,1965,1280,3245
16/12/2018,05 - 06,2005,1293,3298
16/12/2018,06 - 07,2123,1367,3490
16/12/2018,07 - 08,2237,1472,3709
16/12/2018,08 - 09,2384,1606,3990
16/12/2018,09 - 10,2445,1720,4165
16/12/2018,10 - 11,2491,1818,4309
16/12/2018,11 - 12,2506,1855,4361
16/12/2018,12 - 13,2479,1861,4340
16/12/2018,13 - 14,2495,1853,4348
16/12/2018,14 - 15,2495,1838,4333
16/12/2018,15 - 16,2533,1863,4396
16/12/2018,16 - 17,2667,1951,4618
16/12/2018,17 - 18,2844,2041,4885
16/12/2018,18 - 19,2761,2018,4779
16/12/2018,19 - 20,2608,1914,4522
16/12/2018,20 - 21,2438,1803,4241
16/12/2018,21 - 22,2288,1697,3985
16/12/2018,22 - 23,2149,1559,3708
16/12/2018,23 - 00,2025,1440,3465
17/12/2018,00 - 01,1943,1360,3303
17/12/2018,01 - 02,1902,1299,3201
17/12/2018,02 - 03,1888,1277,3165
17/12/2018,03 - 04,1899,1267,3166
17/12/2018,04 - 05,1957,1299,3256
17/12/2018,05 - 06,2130,1405,3535
17/12/2018,06 - 07,2576,1673,4249
17/12/2018,07 - 08,2998,1942,4940
17/12/2018,08 - 09,3140,2053,5193
17/12/2018,09 - 10,3129,2078,5207
17/12/2018,10 - 11,3169,2077,5246
17/12/2018,11 - 12,3128,2074,5202
17/12/2018,12 - 13,3045,2067,5112
17/12/2018,13 - 14,3091,2079,5170
17/12/2018,14 - 15,3053,2067,5120
17/12/2018,15 - 16,3002,2074,5076
17/12/2018,16 - 17,3074,2165,5239
17/12/2018,17 - 18,3242,2268,5510
17/12/2018,18 - 19,3125,2200,5325
17/12/2018,19 - 20,2945,2065,5010
17/12/2018,20 - 21,2775,1929,4704
17/12/2018,21 - 22,2578,1792,4370
17/12/2018,22 - 23,2376,1629,4005
17/12/2018,23 - 00,2196,1482,3678
18/12/2018,00 - 01,2077,1378,3455
18/12/2018,01 - 02,1997,1318,3315
18/12/2018,02 - 03,1974,1300,3274
18/12/2018,03 - 04,1958,1298,3256
18/12/2018,04 - 05,1999,1334,3333
18/12/2018,05 - 06,2165,1437,3602
18/12/2018,06 - 07,2577,1685,4262
18/12/2018,07 - 08,3015,1944,4959
18/12/2018,08 - 09,3150,2036,5186
18/12/2018,09 - 10,3126,1982,5108
18/12/2018,10 - 11,3167,2041,5208
18/12/2018,11 - 12,3168,1977,5145
18/12/2018,12 - 13,3095,1984,5079
18/12/2018,13 - 14,3105,1991,5096
18/12/2018,14 - 15,3042,1954,4996
18/12/2018,15 - 16,2992,1960,4952
18/12/2018,16 - 17,3046,2030,5076
18/12/2018,17 - 18,3203,2119,5322
18/12/2018,18 - 19,3071,2044,5115
18/12/2018,19 - 20,2843,1923,4766
18/12/2018,20 - 21,2668,1801,4469
18/12/2018,21 - 22,2468,1714,4182
18/12/2018,22 - 23,2282,1579,3861
18/12/2018,23 - 00,2150,1451,3601
19/12/2018,00 - 01,2039,1358,3397
19/12/2018,01 - 02,2000,1282,3282
19/12/2018,02 - 03,1946,1255,3201
19/12/2018,03 - 04,2080,1252,3332
19/12/2018,04 - 05,2131,1289,3420
19/12/2018,05 - 06,2258,1410,3668
19/12/2018,06 - 07,2589,1646,4235
19/12/2018,07 - 08,2985,1887,4872
19/12/2018,08 - 09,3159,1981,5140
19/12/2018,09 - 10,3143,1996,5139
19/12/2018,10 - 11,3208,2017,5225
19/12/2018,11 - 12,3163,2007,5170
19/12/2018,12 - 13,3095,1988,5083
19/12/2018,13 - 14,3084,2001,5085
19/12/2018,14 - 15,3053,1979,5032
19/12/2018,15 - 16,3028,2006,5034
19/12/2018,16 - 17,3128,2101,5229
19/12/2018,17 - 18,3257,2171,5428
19/12/2018,18 - 19,3111,2102,5213
19/12/2018,19 - 20,2899,1896,4795
19/12/2018,20 - 21,2693,1758,4451
19/12/2018,21 - 22,2522,1656,4178
19/12/2018,22 - 23,2310,1514,3824
19/12/2018,23 - 00,2131,1396,3527
20/12/2018,00 - 01,2028,1311,3339
20/12/2018,01 - 02,1983,1213,3196
20/12/2018,02 - 03,1949,1187,3136
20/12/2018,03 - 04,1947,1220,3167
20/12/2018,04 - 05,1977,1257,3234
20/12/2018,05 - 06,2121,1373,3494
20/12/2018,06 - 07,2486,1558,4044
20/12/2018,07 - 08,2933,1797,4730
20/12/2018,08 - 09,3093,1891,4984
20/12/2018,09 - 10,3055,1918,4973
20/12/2018,10 - 11,3075,1978,5053
20/12/2018,11 - 12,3059,1970,5029
20/12/2018,12 - 13,2996,1942,4938
20/12/2018,13 - 14,3004,1955,4959
20/12/2018,14 - 15,2950,1913,4863
20/12/2018,15 - 16,2900,1895,4795
20/12/2018,16 - 17,2960,1973,4933
20/12/2018,17 - 18,3081,2053,5134
20/12/2018,18 - 19,2949,1994,4943
20/12/2018,19 - 20,2744,1877,4621
20/12/2018,20 - 21,2577,1798,4375
20/12/2018,21 - 22,2404,1695,4099
20/12/2018,22 - 23,2218,1541,3759
20/12/2018,23 - 00,2085,1410,3495
21/12/2018,00 - 01,1984,1339,3323
21/12/2018,01 - 02,1912,1282,3194
21/12/2018,02 - 03,1874,1259,3133
21/12/2018,03 - 04,1867,1250,3117
21/12/2018,04 - 05,1891,1280,3171
21/12/2018,05 - 06,2007,1367,3374
21/12/2018,06 - 07,2163,1580,3743
21/12/2018,07 - 08,2484,1817,4301
21/12/2018,08 - 09,2791,1921,4712
21/12/2018,09 - 10,2909,1966,4875
21/12/2018,10 - 11,2918,1979,4897
21/12/2018,11 - 12,2845,1959,4804
21/12/2018,12 - 13,2754,1935,4689
21/12/2018,13 - 14,2672,1910,4582
21/12/2018,14 - 15,2631,1909,4540
21/12/2018,15 - 16,2622,1930,4552
21/12/2018,16 - 17,2711,1999,4710
21/12/2018,17 - 18,2828,2070,4898
21/12/2018,18 - 19,2731,2032,4763
21/12/2018,19 - 20,2529,1924,4453
21/12/2018,20 - 21,2389,1799,4188
21/12/2018,21 - 22,2247,1676,3923
21/12/2018,22 - 23,2128,1545,3673
21/12/2018,23 - 00,2010,1448,3458
22/12/2018,00 - 01,1904,1341,3245
22/12/2018,01 - 02,1845,1271,3116
22/12/2018,02 - 03,1800,1237,3037
22/12/2018,03 - 04,1788,1236,3024
22/12/2018,04 - 05,1794,1247,3041
22/12/2018,05 - 06,1839,1316,3155
22/12/2018,06 - 07,1945,1422,3367
22/12/2018,07 - 08,2137,1569,3706
22/12/2018,08 - 09,2330,1641,3971
22/12/2018,09 - 10,2413,1742,4155
22/12/2018,10 - 11,2465,1799,4264
22/12/2018,11 - 12,2450,1799,4249
22/12/2018,12 - 13,2403,1793,4196
22/12/2018,13 - 14,2371,1787,4158
22/12/2018,14 - 15,2360,1793,4153
22/12/2018,15 - 16,2392,1825,4217
22/12/2018,16 - 17,2531,1923,4454
22/12/2018,17 - 18,2686,2005,4691
22/12/2018,18 - 19,2629,1982,4611
22/12/2018,19 - 20,2457,1875,4332
22/12/2018,20 - 21,2314,1780,4094
22/12/2018,21 - 22,2179,1674,3853
22/12/2018,22 - 23,2046,1574,3620
22/12/2018,23 - 00,1909,1465,3374
23/12/2018,00 - 01,1807,1362,3169
23/12/2018,01 - 02,1727,1286,3013
23/12/2018,02 - 03,1690,1258,2948
23/12/2018,03 - 04,1678,1285,2963
23/12/2018,04 - 05,1700,1287,2987
23/12/2018,05 - 06,1727,1323,3050
23/12/2018,06 - 07,1810,1395,3205
23/12/2018,07 - 08,1981,1501,3482
23/12/2018,08 - 09,2205,1623,3828
23/12/2018,09 - 10,2343,1735,4078
23/12/2018,10 - 11,2414,1818,4232
23/12/2018,11 - 12,2417,1843,4260
23/12/2018,12 - 13,2383,1838,4221
23/12/2018,13 - 14,2365,1835,4200
23/12/2018,14 - 15,2380,1843,4223
23/12/2018,15 - 16,2406,1869,4275
23/12/2018,16 - 17,2513,1944,4457
23/12/2018,17 - 18,2648,2024,4672
23/12/2018,18 - 19,2569,1988,4557
23/12/2018,19 - 20,2414,1893,4307
23/12/2018,20 - 21,2278,1785,4063
23/12/2018,21 - 22,2156,1681,3837
23/12/2018,22 - 23,2003,1585,3588
23/12/2018,23 - 00,1885,1477,3362
24/12/2018,00 - 01,1772,1399,3171
24/12/2018,01 - 02,1677,1325,3002
24/12/2018,02 - 03,1640,1269,2909
24/12/2018,03 - 04,1625,1262,2887
24/12/2018,04 - 05,1648,1252,2900
24/12/2018,05 - 06,1665,1294,2959
24/12/2018,06 - 07,1763,1376,3139
24/12/2018,07 - 08,1959,1497,3456
24/12/2018,08 - 09,2170,1627,3797
24/12/2018,09 - 10,2271,1735,4006
24/12/2018,10 - 11,2306,1801,4107
24/12/2018,11 - 12,2299,1836,4135
24/12/2018,12 - 13,2242,1847,4089
24/12/2018,13 - 14,2242,1833,4075
24/12/2018,14 - 15,2254,1851,4105
24/12/2018,15 - 16,2343,1935,4278
24/12/2018,16 - 17,2549,2072,4621
24/12/2018,17 - 18,2716,2141,4857
24/12/2018,18 - 19,2270,1845,4115
24/12/2018,19 - 20,2041,1653,3694
24/12/2018,20 - 21,1994,1599,3593
24/12/2018,21 - 22,1937,1554,3491
24/12/2018,22 - 23,1876,1510,3386
24/12/2018,23 - 00,1836,1471,3307
25/12/2018,00 - 01,1799,1477,3276
25/12/2018,01 - 02,1688,1426,3114
25/12/2018,02 - 03,1621,1348,2969
25/12/2018,03 - 04,1573,1330,2903
25/12/2018,04 - 05,1651,1305,2956
25/12/2018,05 - 06,1686,1339,3025
25/12/2018,06 - 07,1757,1398,3155
25/12/2018,07 - 08,1929,1473,3402
25/12/2018,08 - 09,1984,1521,3505
25/12/2018,09 - 10,2118,1602,3720
25/12/2018,10 - 11,2149,1687,3836
25/12/2018,11 - 12,2165,1740,3905
25/12/2018,12 - 13,2147,1735,3882
25/12/2018,13 - 14,2181,1717,3898
25/12/2018,14 - 15,2154,1683,3837
25/12/2018,15 - 16,2159,1683,3842
25/12/2018,16 - 17,2256,1766,4022
25/12/2018,17 - 18,2359,1829,4188
25/12/2018,18 - 19,2303,1801,4104
25/12/2018,19 - 20,2196,1737,3933
25/12/2018,20 - 21,2085,1676,3761
25/12/2018,21 - 22,1993,1635,3628
25/12/2018,22 - 23,1872,1558,3430
25/12/2018,23 - 00,1784,1486,3270
26/12/2018,00 - 01,1767,1359,3126
26/12/2018,01 - 02,1688,1309,2997
26/12/2018,02 - 03,1657,1272,2929
26/12/2018,03 - 04,1687,1261,2948
26/12/2018,04 - 05,1729,1258,2987
26/12/2018,05 - 06,1792,1306,3098
26/12/2018,06 - 07,1835,1367,3202
26/12/2018,07 - 08,1977,1443,3420
26/12/2018,08 - 09,2200,1508,3708
26/12/2018,09 - 10,2289,1641,3930
26/12/2018,10 - 11,2305,1758,4063
26/12/2018,11 - 12,2321,1785,4106
26/12/2018,12 - 13,2165,1764,3929
26/12/2018,13 - 14,2118,1682,3800
26/12/2018,14 - 15,2072,1632,3704
26/12/2018,15 - 16,2116,1622,3738
26/12/2018,16 - 17,2216,1677,3893
26/12/2018,17 - 18,2329,1782,4111
26/12/2018,18 - 19,2298,1762,4060
26/12/2018,19 - 20,2228,1712,3940
26/12/2018,20 - 21,2129,1685,3814
26/12/2018,21 - 22,2056,1632,3688
26/12/2018,22 - 23,1982,1527,3509
26/12/2018,23 - 00,1833,1406,3239
27/12/2018,00 - 01,1679,1326,3005
27/12/2018,01 - 02,1680,1257,2937
27/12/2018,02 - 03,1654,1230,2884
27/12/2018,03 - 04,1560,1232,2792
27/12/2018,04 - 05,1595,1243,2838
27/12/2018,05 - 06,1683,1289,2972
27/12/2018,06 - 07,1840,1409,3249
27/12/2018,07 - 08,2130,1541,3671
27/12/2018,08 - 09,2305,1655,3960
27/12/2018,09 - 10,2396,1727,4123
27/12/2018,10 - 11,2448,1782,4230
27/12/2018,11 - 12,2448,1803,4251
27/12/2018,12 - 13,2409,1809,4218
27/12/2018,13 - 14,2392,1809,4201
27/12/2018,14 - 15,2405,1784,4189
27/12/2018,15 - 16,2412,1812,4224
27/12/2018,16 - 17,2472,1866,4338
27/12/2018,17 - 18,2606,1961,4567
27/12/2018,18 - 19,2520,1912,4432
27/12/2018,19 - 20,2391,1792,4183
27/12/2018,20 - 21,2242,1695,3937
27/12/2018,21 - 22,2101,1600,3701
27/12/2018,22 - 23,1970,1488,3458
27/12/2018,23 - 00,1822,1367,3189
28/12/2018,00 - 01,1726,1268,2994
28/12/2018,01 - 02,1658,1216,2874
28/12/2018,02 - 03,1621,1168,2789
28/12/2018,03 - 04,1608,1152,2760
28/12/2018,04 - 05,1647,1175,2822
28/12/2018,05 - 06,1702,1242,2944
28/12/2018,06 - 07,1852,1369,3221
28/12/2018,07 - 08,2077,1520,3597
28/12/2018,08 - 09,2266,1650,3916
28/12/2018,09 - 10,2386,1730,4116
28/12/2018,10 - 11,2431,1781,4212
28/12/2018,11 - 12,2433,1792,4225
28/12/2018,12 - 13,2368,1776,4144
28/12/2018,13 - 14,2344,1760,4104
28/12/2018,14 - 15,2332,1747,4079
28/12/2018,15 - 16,2323,1760,4083
28/12/2018,16 - 17,2454,1854,4308
28/12/2018,17 - 18,2612,1950,4562
28/12/2018,18 - 19,2547,1924,4471
28/12/2018,19 - 20,2368,1810,4178
28/12/2018,20 - 21,2197,1707,3904
28/12/2018,21 - 22,2044,1599,3643
28/12/2018,22 - 23,1913,1497,3410
28/12/2018,23 - 00,1795,1401,3196
29/12/2018,00 - 01,1686,1300,2986
29/12/2018,01 - 02,1615,1220,2835
29/12/2018,02 - 03,1601,1169,2770
29/12/2018,03 - 04,1620,1160,2780
29/12/2018,04 - 05,1627,1151,2778
29/12/2018,05 - 06,1651,1178,2829
29/12/2018,06 - 07,1715,1244,2959
29/12/2018,07 - 08,1849,1338,3187
29/12/2018,08 - 09,2133,1459,3592
29/12/2018,09 - 10,2208,1560,3768
29/12/2018,10 - 11,2274,1638,3912
29/12/2018,11 - 12,2287,1680,3967
29/12/2018,12 - 13,2309,1670,3979
29/12/2018,13 - 14,2297,1660,3957
29/12/2018,14 - 15,2278,1646,3924
29/12/2018,15 - 16,2273,1695,3968
29/12/2018,16 - 17,2383,1793,4176
29/12/2018,17 - 18,2535,1900,4435
29/12/2018,18 - 19,2495,1889,4384
29/12/2018,19 - 20,2344,1781,4125
29/12/2018,20 - 21,2200,1671,3871
29/12/2018,21 - 22,2090,1562,3652
29/12/2018,22 - 23,1950,1472,3422
29/12/2018,23 - 00,1892,1415,3307
30/12/2018,00 - 01,1821,1336,3157
30/12/2018,01 - 02,1741,1268,3009
30/12/2018,02 - 03,1755,1238,2993
30/12/2018,03 - 04,1784,1257,3041
30/12/2018,04 - 05,1812,1255,3067
30/12/2018,05 - 06,1833,1257,3090
30/12/2018,06 - 07,1881,1318,3199
30/12/2018,07 - 08,1982,1366,3348
30/12/2018,08 - 09,2111,1482,3593
30/12/2018,09 - 10,2184,1571,3755
30/12/2018,10 - 11,2191,1634,3825
30/12/2018,11 - 12,2176,1653,3829
30/12/2018,12 - 13,2153,1681,3834
30/12/2018,13 - 14,2117,1670,3787
30/12/2018,14 - 15,2106,1652,3758
30/12/2018,15 - 16,2154,1654,3808
30/12/2018,16 - 17,2320,1794,4114
30/12/2018,17 - 18,2530,1943,4473
30/12/2018,18 - 19,2516,1953,4469
30/12/2018,19 - 20,2364,1843,4207
30/12/2018,20 - 21,2211,1734,3945
30/12/2018,21 - 22,2073,1644,3717
30/12/2018,22 - 23,1934,1545,3479
30/12/2018,23 - 00,1779,1436,3215
31/12/2018,00 - 01,1688,1333,3021
31/12/2018,01 - 02,1606,1250,2856
31/12/2018,02 - 03,1573,1209,2782
31/12/2018,03 - 04,1587,1189,2776
31/12/2018,04 - 05,1605,1196,2801
31/12/2018,05 - 06,1642,1246,2888
31/12/2018,06 - 07,1708,1325,3033
31/12/2018,07 - 08,1844,1416,3260
31/12/2018,08 - 09,2008,1520,3528
31/12/2018,09 - 10,2117,1620,3737
31/12/2018,10 - 11,2189,1702,3891
31/12/2018,11 - 12,2189,1746,3935
31/12/2018,12 - 13,2157,1766,3923
31/12/2018,13 - 14,2157,1765,3922
31/12/2018,14 - 15,2167,1757,3924
31/12/2018,15 - 16,2194,1770,3964
31/12/2018,16 - 17,2391,1883,4274
31/12/2018,17 - 18,2555,1951,4506
31/12/2018,18 - 19,2488,1905,4393
31/12/2018,19 - 20,2264,1744,4008
31/12/2018,20 - 21,2142,1608,3750
31/12/2018,21 - 22,2045,1530,3575
31/12/2018,22 - 23,2001,1468,3469
31/12/2018,23 - 00,1926,1417,3343
