,Hours,DK1,DK2,DK
01/01/2018,00 - 01,1729,649,2378
01/01/2018,01 - 02,1763,613,2376
01/01/2018,02 - 03,1508,663,2171
01/01/2018,03 - 04,1514,723,2237
01/01/2018,04 - 05,1523,713,2236
01/01/2018,05 - 06,1493,703,2196
01/01/2018,06 - 07,1578,727,2305
01/01/2018,07 - 08,1529,753,2282
01/01/2018,08 - 09,1651,758,2409
01/01/2018,09 - 10,1839,758,2597
01/01/2018,10 - 11,2208,771,2979
01/01/2018,11 - 12,2248,774,3022
01/01/2018,12 - 13,2344,773,3117
01/01/2018,13 - 14,2590,780,3370
01/01/2018,14 - 15,2514,777,3291
01/01/2018,15 - 16,2340,755,3095
01/01/2018,16 - 17,2053,741,2794
01/01/2018,17 - 18,1855,694,2549
01/01/2018,18 - 19,1751,651,2402
01/01/2018,19 - 20,1739,632,2371
01/01/2018,20 - 21,1721,603,2324
01/01/2018,21 - 22,1745,592,2337
01/01/2018,22 - 23,1601,530,2131
01/01/2018,23 - 00,1549,460,2009
02/01/2018,00 - 01,1468,434,1902
02/01/2018,01 - 02,1406,391,1797
02/01/2018,02 - 03,1343,308,1651
02/01/2018,03 - 04,1227,235,1462
02/01/2018,04 - 05,1206,192,1398
02/01/2018,05 - 06,1106,173,1279
02/01/2018,06 - 07,1096,185,1281
02/01/2018,07 - 08,1160,204,1364
02/01/2018,08 - 09,1120,202,1322
02/01/2018,09 - 10,1043,213,1256
02/01/2018,10 - 11,977,214,1191
02/01/2018,11 - 12,842,242,1084
02/01/2018,12 - 13,757,254,1011
02/01/2018,13 - 14,804,289,1093
02/01/2018,14 - 15,787,293,1080
02/01/2018,15 - 16,771,289,1060
02/01/2018,16 - 17,854,233,1087
02/01/2018,17 - 18,939,272,1211
02/01/2018,18 - 19,1000,311,1311
02/01/2018,19 - 20,1153,301,1454
02/01/2018,20 - 21,1236,313,1549
02/01/2018,21 - 22,1326,331,1657
02/01/2018,22 - 23,1529,416,1945
02/01/2018,23 - 00,1795,444,2239
03/01/2018,00 - 01,1970,439,2409
03/01/2018,01 - 02,2267,532,2799
03/01/2018,02 - 03,2543,574,3117
03/01/2018,03 - 04,2411,601,3012
03/01/2018,04 - 05,2601,667,3268
03/01/2018,05 - 06,2718,828,3546
03/01/2018,06 - 07,3077,832,3909
03/01/2018,07 - 08,2942,828,3770
03/01/2018,08 - 09,2765,831,3596
03/01/2018,09 - 10,2446,772,3218
03/01/2018,10 - 11,1972,689,2661
03/01/2018,11 - 12,1691,625,2316
03/01/2018,12 - 13,1352,540,1892
03/01/2018,13 - 14,980,441,1421
03/01/2018,14 - 15,750,373,1123
03/01/2018,15 - 16,465,319,784
03/01/2018,16 - 17,289,384,673
03/01/2018,17 - 18,262,326,588
03/01/2018,18 - 19,280,138,418
03/01/2018,19 - 20,306,128,434
03/01/2018,20 - 21,398,232,630
03/01/2018,21 - 22,559,179,738
03/01/2018,22 - 23,720,181,901
03/01/2018,23 - 00,856,119,975
04/01/2018,00 - 01,859,132,991
04/01/2018,01 - 02,903,175,1078
04/01/2018,02 - 03,975,382,1357
04/01/2018,03 - 04,1024,545,1569
04/01/2018,04 - 05,1093,578,1671
04/01/2018,05 - 06,1081,535,1616
04/01/2018,06 - 07,999,520,1519
04/01/2018,07 - 08,849,511,1360
04/01/2018,08 - 09,769,518,1287
04/01/2018,09 - 10,707,529,1236
04/01/2018,10 - 11,647,468,1115
04/01/2018,11 - 12,619,401,1020
04/01/2018,12 - 13,602,317,919
04/01/2018,13 - 14,532,297,829
04/01/2018,14 - 15,411,241,652
04/01/2018,15 - 16,279,214,493
04/01/2018,16 - 17,178,182,360
04/01/2018,17 - 18,108,123,231
04/01/2018,18 - 19,96,124,220
04/01/2018,19 - 20,99,116,215
04/01/2018,20 - 21,113,110,223
04/01/2018,21 - 22,103,127,230
04/01/2018,22 - 23,98,150,248
04/01/2018,23 - 00,107,173,280
05/01/2018,00 - 01,143,135,278
05/01/2018,01 - 02,177,97,274
05/01/2018,02 - 03,232,154,386
05/01/2018,03 - 04,223,419,642
05/01/2018,04 - 05,195,475,670
05/01/2018,05 - 06,178,482,660
05/01/2018,06 - 07,122,469,591
05/01/2018,07 - 08,97,470,567
05/01/2018,08 - 09,89,461,550
05/01/2018,09 - 10,75,428,503
05/01/2018,10 - 11,56,376,432
05/01/2018,11 - 12,52,213,265
05/01/2018,12 - 13,53,198,251
05/01/2018,13 - 14,57,279,336
05/01/2018,14 - 15,71,219,290
05/01/2018,15 - 16,81,171,252
05/01/2018,16 - 17,57,159,216
05/01/2018,17 - 18,73,168,241
05/01/2018,18 - 19,96,134,230
05/01/2018,19 - 20,126,112,238
05/01/2018,20 - 21,95,80,175
05/01/2018,21 - 22,94,67,161
05/01/2018,22 - 23,113,71,184
05/01/2018,23 - 00,69,69,138
06/01/2018,00 - 01,38,67,105
06/01/2018,01 - 02,49,67,116
06/01/2018,02 - 03,62,79,141
06/01/2018,03 - 04,58,80,138
06/01/2018,04 - 05,74,65,139
06/01/2018,05 - 06,80,64,144
06/01/2018,06 - 07,94,75,169
06/01/2018,07 - 08,123,104,227
06/01/2018,08 - 09,134,137,271
06/01/2018,09 - 10,161,201,362
06/01/2018,10 - 11,270,211,481
06/01/2018,11 - 12,480,139,619
06/01/2018,12 - 13,518,122,640
06/01/2018,13 - 14,550,162,712
06/01/2018,14 - 15,637,183,820
06/01/2018,15 - 16,667,163,830
06/01/2018,16 - 17,737,172,909
06/01/2018,17 - 18,849,201,1050
06/01/2018,18 - 19,919,257,1176
06/01/2018,19 - 20,828,324,1152
06/01/2018,20 - 21,716,365,1081
06/01/2018,21 - 22,616,319,935
06/01/2018,22 - 23,532,330,862
06/01/2018,23 - 00,441,310,751
07/01/2018,00 - 01,330,267,597
07/01/2018,01 - 02,231,223,454
07/01/2018,02 - 03,130,209,339
07/01/2018,03 - 04,109,223,332
07/01/2018,04 - 05,121,206,327
07/01/2018,05 - 06,150,159,309
07/01/2018,06 - 07,192,117,309
07/01/2018,07 - 08,279,93,372
07/01/2018,08 - 09,374,87,461
07/01/2018,09 - 10,475,91,566
07/01/2018,10 - 11,480,106,586
07/01/2018,11 - 12,408,81,489
07/01/2018,12 - 13,401,68,469
07/01/2018,13 - 14,447,63,510
07/01/2018,14 - 15,459,66,525
07/01/2018,15 - 16,486,72,558
07/01/2018,16 - 17,596,79,675
07/01/2018,17 - 18,640,80,720
07/01/2018,18 - 19,714,77,791
07/01/2018,19 - 20,772,84,856
07/01/2018,20 - 21,829,78,907
07/01/2018,21 - 22,807,82,889
07/01/2018,22 - 23,741,78,819
07/01/2018,23 - 00,794,83,877
08/01/2018,00 - 01,772,84,856
08/01/2018,01 - 02,748,87,835
08/01/2018,02 - 03,670,84,754
08/01/2018,03 - 04,518,82,600
08/01/2018,04 - 05,419,80,499
08/01/2018,05 - 06,391,78,469
08/01/2018,06 - 07,274,81,355
08/01/2018,07 - 08,232,78,310
08/01/2018,08 - 09,215,76,291
08/01/2018,09 - 10,174,71,245
08/01/2018,10 - 11,132,71,203
08/01/2018,11 - 12,111,73,184
08/01/2018,12 - 13,101,72,173
08/01/2018,13 - 14,95,73,168
08/01/2018,14 - 15,105,77,182
08/01/2018,15 - 16,143,95,238
08/01/2018,16 - 17,223,119,342
08/01/2018,17 - 18,355,159,514
08/01/2018,18 - 19,503,195,698
08/01/2018,19 - 20,706,229,935
08/01/2018,20 - 21,906,296,1202
08/01/2018,21 - 22,1147,355,1502
08/01/2018,22 - 23,1285,355,1640
08/01/2018,23 - 00,1326,349,1675
09/01/2018,00 - 01,1481,343,1824
09/01/2018,01 - 02,1644,392,2036
09/01/2018,02 - 03,1812,407,2219
09/01/2018,03 - 04,1961,432,2393
09/01/2018,04 - 05,1991,425,2416
09/01/2018,05 - 06,2126,453,2579
09/01/2018,06 - 07,2386,472,2858
09/01/2018,07 - 08,2638,482,3120
09/01/2018,08 - 09,2736,474,3210
09/01/2018,09 - 10,2535,584,3119
09/01/2018,10 - 11,2652,742,3394
09/01/2018,11 - 12,2705,747,3452
09/01/2018,12 - 13,2858,746,3604
09/01/2018,13 - 14,3022,745,3767
09/01/2018,14 - 15,3005,733,3738
09/01/2018,15 - 16,2996,729,3725
09/01/2018,16 - 17,3020,709,3729
09/01/2018,17 - 18,3029,696,3725
09/01/2018,18 - 19,2948,676,3624
09/01/2018,19 - 20,2775,642,3417
09/01/2018,20 - 21,2452,625,3077
09/01/2018,21 - 22,2234,572,2806
09/01/2018,22 - 23,2032,484,2516
09/01/2018,23 - 00,1959,464,2423
10/01/2018,00 - 01,1914,462,2376
10/01/2018,01 - 02,1858,366,2224
10/01/2018,02 - 03,1740,263,2003
10/01/2018,03 - 04,1569,211,1780
10/01/2018,04 - 05,1414,128,1542
10/01/2018,05 - 06,1264,148,1412
10/01/2018,06 - 07,1210,136,1346
10/01/2018,07 - 08,1126,118,1244
10/01/2018,08 - 09,992,95,1087
10/01/2018,09 - 10,923,72,995
10/01/2018,10 - 11,847,82,929
10/01/2018,11 - 12,816,79,895
10/01/2018,12 - 13,769,51,820
10/01/2018,13 - 14,720,92,812
10/01/2018,14 - 15,639,99,738
10/01/2018,15 - 16,719,89,808
10/01/2018,16 - 17,834,95,929
10/01/2018,17 - 18,964,107,1071
10/01/2018,18 - 19,823,96,919
10/01/2018,19 - 20,611,66,677
10/01/2018,20 - 21,656,71,727
10/01/2018,21 - 22,620,81,701
10/01/2018,22 - 23,583,60,643
10/01/2018,23 - 00,560,45,605
11/01/2018,00 - 01,524,37,561
11/01/2018,01 - 02,459,37,496
11/01/2018,02 - 03,426,44,470
11/01/2018,03 - 04,436,68,504
11/01/2018,04 - 05,413,68,481
11/01/2018,05 - 06,376,68,444
11/01/2018,06 - 07,332,44,376
11/01/2018,07 - 08,277,40,317
11/01/2018,08 - 09,227,34,261
11/01/2018,09 - 10,183,35,218
11/01/2018,10 - 11,172,49,221
11/01/2018,11 - 12,173,87,260
11/01/2018,12 - 13,212,125,337
11/01/2018,13 - 14,255,186,441
11/01/2018,14 - 15,294,204,498
11/01/2018,15 - 16,360,180,540
11/01/2018,16 - 17,439,189,628
11/01/2018,17 - 18,443,221,664
11/01/2018,18 - 19,424,213,637
11/01/2018,19 - 20,454,271,725
11/01/2018,20 - 21,488,233,721
11/01/2018,21 - 22,552,272,824
11/01/2018,22 - 23,621,291,912
11/01/2018,23 - 00,694,324,1018
12/01/2018,00 - 01,689,284,973
12/01/2018,01 - 02,736,296,1032
12/01/2018,02 - 03,740,307,1047
12/01/2018,03 - 04,726,339,1065
12/01/2018,04 - 05,755,381,1136
12/01/2018,05 - 06,848,411,1259
12/01/2018,06 - 07,992,395,1387
12/01/2018,07 - 08,1044,365,1409
12/01/2018,08 - 09,1082,376,1458
12/01/2018,09 - 10,1089,378,1467
12/01/2018,10 - 11,1050,376,1426
12/01/2018,11 - 12,1079,458,1537
12/01/2018,12 - 13,1127,416,1543
12/01/2018,13 - 14,1175,250,1425
12/01/2018,14 - 15,1266,210,1476
12/01/2018,15 - 16,1336,231,1567
12/01/2018,16 - 17,1372,302,1674
12/01/2018,17 - 18,1411,310,1721
12/01/2018,18 - 19,1387,283,1670
12/01/2018,19 - 20,1300,396,1696
12/01/2018,20 - 21,1238,377,1615
12/01/2018,21 - 22,1288,347,1635
12/01/2018,22 - 23,1268,326,1594
12/01/2018,23 - 00,1274,304,1578
13/01/2018,00 - 01,1281,288,1569
13/01/2018,01 - 02,1189,279,1468
13/01/2018,02 - 03,1184,275,1459
13/01/2018,03 - 04,1203,330,1533
13/01/2018,04 - 05,1258,344,1602
13/01/2018,05 - 06,1328,362,1690
13/01/2018,06 - 07,1377,420,1797
13/01/2018,07 - 08,1500,394,1894
13/01/2018,08 - 09,1555,411,1966
13/01/2018,09 - 10,1681,400,2081
13/01/2018,10 - 11,1782,412,2194
13/01/2018,11 - 12,1821,419,2240
13/01/2018,12 - 13,1827,385,2212
13/01/2018,13 - 14,1802,342,2144
13/01/2018,14 - 15,1716,380,2096
13/01/2018,15 - 16,1733,411,2144
13/01/2018,16 - 17,1688,392,2080
13/01/2018,17 - 18,1687,409,2096
13/01/2018,18 - 19,1761,460,2221
13/01/2018,19 - 20,1814,498,2312
13/01/2018,20 - 21,1850,525,2375
13/01/2018,21 - 22,1812,510,2322
13/01/2018,22 - 23,1870,451,2321
13/01/2018,23 - 00,1849,378,2227
14/01/2018,00 - 01,1734,382,2116
14/01/2018,01 - 02,1565,378,1943
14/01/2018,02 - 03,1396,376,1772
14/01/2018,03 - 04,1240,378,1618
14/01/2018,04 - 05,1159,419,1578
14/01/2018,05 - 06,1175,444,1619
14/01/2018,06 - 07,1322,475,1797
14/01/2018,07 - 08,1501,467,1968
14/01/2018,08 - 09,1523,478,2001
14/01/2018,09 - 10,1489,516,2005
14/01/2018,10 - 11,1510,539,2049
14/01/2018,11 - 12,1591,512,2103
14/01/2018,12 - 13,1604,406,2010
14/01/2018,13 - 14,1529,361,1890
14/01/2018,14 - 15,1447,363,1810
14/01/2018,15 - 16,1315,427,1742
14/01/2018,16 - 17,1444,465,1909
14/01/2018,17 - 18,2034,463,2497
14/01/2018,18 - 19,2445,537,2982
14/01/2018,19 - 20,2618,555,3173
14/01/2018,20 - 21,2779,564,3343
14/01/2018,21 - 22,2843,582,3425
14/01/2018,22 - 23,2773,611,3384
14/01/2018,23 - 00,2726,628,3354
15/01/2018,00 - 01,2643,638,3281
15/01/2018,01 - 02,2521,645,3166
15/01/2018,02 - 03,2591,676,3267
15/01/2018,03 - 04,2758,679,3437
15/01/2018,04 - 05,2893,682,3575
15/01/2018,05 - 06,3002,694,3696
15/01/2018,06 - 07,3049,729,3778
15/01/2018,07 - 08,2745,748,3493
15/01/2018,08 - 09,2827,766,3593
15/01/2018,09 - 10,2817,769,3586
15/01/2018,10 - 11,2901,773,3674
15/01/2018,11 - 12,2964,785,3749
15/01/2018,12 - 13,3023,790,3813
15/01/2018,13 - 14,3056,776,3832
15/01/2018,14 - 15,3132,779,3911
15/01/2018,15 - 16,3173,787,3960
15/01/2018,16 - 17,3196,787,3983
15/01/2018,17 - 18,3212,797,4009
15/01/2018,18 - 19,3265,804,4069
15/01/2018,19 - 20,3344,816,4160
15/01/2018,20 - 21,3360,823,4183
15/01/2018,21 - 22,3357,828,4185
15/01/2018,22 - 23,3298,831,4129
15/01/2018,23 - 00,2826,834,3660
16/01/2018,00 - 01,2572,840,3412
16/01/2018,01 - 02,2380,838,3218
16/01/2018,02 - 03,2507,836,3343
16/01/2018,03 - 04,2356,828,3184
16/01/2018,04 - 05,2162,783,2945
16/01/2018,05 - 06,1943,703,2646
16/01/2018,06 - 07,1987,643,2630
16/01/2018,07 - 08,1690,590,2280
16/01/2018,08 - 09,1542,624,2166
16/01/2018,09 - 10,1208,592,1800
16/01/2018,10 - 11,1163,510,1673
16/01/2018,11 - 12,1108,550,1658
16/01/2018,12 - 13,1112,490,1602
16/01/2018,13 - 14,895,468,1363
16/01/2018,14 - 15,919,470,1389
16/01/2018,15 - 16,818,433,1251
16/01/2018,16 - 17,663,362,1025
16/01/2018,17 - 18,589,423,1012
16/01/2018,18 - 19,674,414,1088
16/01/2018,19 - 20,856,440,1296
16/01/2018,20 - 21,841,437,1278
16/01/2018,21 - 22,693,456,1149
16/01/2018,22 - 23,665,514,1179
16/01/2018,23 - 00,665,494,1159
17/01/2018,00 - 01,711,471,1182
17/01/2018,01 - 02,750,512,1262
17/01/2018,02 - 03,503,492,995
17/01/2018,03 - 04,454,438,892
17/01/2018,04 - 05,457,463,920
17/01/2018,05 - 06,409,441,850
17/01/2018,06 - 07,359,353,712
17/01/2018,07 - 08,370,281,651
17/01/2018,08 - 09,339,314,653
17/01/2018,09 - 10,418,262,680
17/01/2018,10 - 11,580,269,849
17/01/2018,11 - 12,546,305,851
17/01/2018,12 - 13,512,293,805
17/01/2018,13 - 14,639,371,1010
17/01/2018,14 - 15,658,384,1042
17/01/2018,15 - 16,683,400,1083
17/01/2018,16 - 17,796,484,1280
17/01/2018,17 - 18,854,459,1313
17/01/2018,18 - 19,790,460,1250
17/01/2018,19 - 20,708,457,1165
17/01/2018,20 - 21,721,461,1182
17/01/2018,21 - 22,589,483,1072
17/01/2018,22 - 23,708,455,1163
17/01/2018,23 - 00,600,487,1087
18/01/2018,00 - 01,546,432,978
18/01/2018,01 - 02,646,488,1134
18/01/2018,02 - 03,658,554,1212
18/01/2018,03 - 04,643,580,1223
18/01/2018,04 - 05,616,534,1150
18/01/2018,05 - 06,516,562,1078
18/01/2018,06 - 07,473,521,994
18/01/2018,07 - 08,404,444,848
18/01/2018,08 - 09,381,412,793
18/01/2018,09 - 10,288,365,653
18/01/2018,10 - 11,200,392,592
18/01/2018,11 - 12,160,368,528
18/01/2018,12 - 13,132,318,450
18/01/2018,13 - 14,121,415,536
18/01/2018,14 - 15,123,496,619
18/01/2018,15 - 16,122,509,631
18/01/2018,16 - 17,93,407,500
18/01/2018,17 - 18,71,375,446
18/01/2018,18 - 19,58,215,273
18/01/2018,19 - 20,59,145,204
18/01/2018,20 - 21,71,117,188
18/01/2018,21 - 22,76,104,180
18/01/2018,22 - 23,111,101,212
18/01/2018,23 - 00,54,75,129
19/01/2018,00 - 01,32,79,111
19/01/2018,01 - 02,45,70,115
19/01/2018,02 - 03,37,46,83
19/01/2018,03 - 04,31,29,60
19/01/2018,04 - 05,39,20,59
19/01/2018,05 - 06,51,25,76
19/01/2018,06 - 07,51,47,98
19/01/2018,07 - 08,121,62,183
19/01/2018,08 - 09,90,53,143
19/01/2018,09 - 10,84,58,142
19/01/2018,10 - 11,103,71,174
19/01/2018,11 - 12,114,89,203
19/01/2018,12 - 13,155,64,219
19/01/2018,13 - 14,160,60,220
19/01/2018,14 - 15,211,84,295
19/01/2018,15 - 16,238,137,375
19/01/2018,16 - 17,263,161,424
19/01/2018,17 - 18,293,151,444
19/01/2018,18 - 19,314,152,466
19/01/2018,19 - 20,463,151,614
19/01/2018,20 - 21,419,193,612
19/01/2018,21 - 22,403,236,639
19/01/2018,22 - 23,297,243,540
19/01/2018,23 - 00,298,263,561
20/01/2018,00 - 01,313,210,523
20/01/2018,01 - 02,383,179,562
20/01/2018,02 - 03,449,193,642
20/01/2018,03 - 04,468,180,648
20/01/2018,04 - 05,471,186,657
20/01/2018,05 - 06,488,173,661
20/01/2018,06 - 07,489,158,647
20/01/2018,07 - 08,506,143,649
20/01/2018,08 - 09,529,113,642
20/01/2018,09 - 10,550,120,670
20/01/2018,10 - 11,526,161,687
20/01/2018,11 - 12,511,137,648
20/01/2018,12 - 13,535,119,654
20/01/2018,13 - 14,496,112,608
20/01/2018,14 - 15,463,76,539
20/01/2018,15 - 16,402,54,456
20/01/2018,16 - 17,392,47,439
20/01/2018,17 - 18,396,43,439
20/01/2018,18 - 19,404,34,438
20/01/2018,19 - 20,336,41,377
20/01/2018,20 - 21,367,55,422
20/01/2018,21 - 22,323,38,361
20/01/2018,22 - 23,241,38,279
20/01/2018,23 - 00,192,34,226
21/01/2018,00 - 01,157,30,187
21/01/2018,01 - 02,144,22,166
21/01/2018,02 - 03,123,15,138
21/01/2018,03 - 04,121,9,130
21/01/2018,04 - 05,85,5,90
21/01/2018,05 - 06,60,5,65
21/01/2018,06 - 07,57,6,63
21/01/2018,07 - 08,51,9,60
21/01/2018,08 - 09,41,4,45
21/01/2018,09 - 10,25,4,29
21/01/2018,10 - 11,24,4,28
21/01/2018,11 - 12,31,4,35
21/01/2018,12 - 13,37,4,41
21/01/2018,13 - 14,31,4,35
21/01/2018,14 - 15,33,4,37
21/01/2018,15 - 16,46,4,50
21/01/2018,16 - 17,99,4,103
21/01/2018,17 - 18,210,4,214
21/01/2018,18 - 19,310,4,314
21/01/2018,19 - 20,432,13,445
21/01/2018,20 - 21,554,31,585
21/01/2018,21 - 22,726,62,788
21/01/2018,22 - 23,809,113,922
21/01/2018,23 - 00,911,109,1020
22/01/2018,00 - 01,1081,112,1193
22/01/2018,01 - 02,1090,162,1252
22/01/2018,02 - 03,1028,231,1259
22/01/2018,03 - 04,1139,288,1427
22/01/2018,04 - 05,1243,277,1520
22/01/2018,05 - 06,1299,322,1621
22/01/2018,06 - 07,1309,363,1672
22/01/2018,07 - 08,1338,452,1790
22/01/2018,08 - 09,1408,493,1901
22/01/2018,09 - 10,1378,486,1864
22/01/2018,10 - 11,1317,457,1774
22/01/2018,11 - 12,1286,454,1740
22/01/2018,12 - 13,1168,430,1598
22/01/2018,13 - 14,1096,375,1471
22/01/2018,14 - 15,915,361,1276
22/01/2018,15 - 16,822,301,1123
22/01/2018,16 - 17,729,306,1035
22/01/2018,17 - 18,631,300,931
22/01/2018,18 - 19,504,310,814
22/01/2018,19 - 20,536,307,843
22/01/2018,20 - 21,570,218,788
22/01/2018,21 - 22,451,204,655
22/01/2018,22 - 23,412,166,578
22/01/2018,23 - 00,361,102,463
23/01/2018,00 - 01,391,67,458
23/01/2018,01 - 02,400,35,435
23/01/2018,02 - 03,442,31,473
23/01/2018,03 - 04,521,23,544
23/01/2018,04 - 05,631,21,652
23/01/2018,05 - 06,717,30,747
23/01/2018,06 - 07,783,60,843
23/01/2018,07 - 08,830,83,913
23/01/2018,08 - 09,1015,123,1138
23/01/2018,09 - 10,1241,141,1382
23/01/2018,10 - 11,1480,188,1668
23/01/2018,11 - 12,1666,225,1891
23/01/2018,12 - 13,1838,274,2112
23/01/2018,13 - 14,1904,277,2181
23/01/2018,14 - 15,2080,332,2412
23/01/2018,15 - 16,2285,384,2669
23/01/2018,16 - 17,2371,453,2824
23/01/2018,17 - 18,2730,535,3265
23/01/2018,18 - 19,2855,616,3471
23/01/2018,19 - 20,3208,731,3939
23/01/2018,20 - 21,3273,792,4065
23/01/2018,21 - 22,3324,834,4158
23/01/2018,22 - 23,3290,852,4142
23/01/2018,23 - 00,3017,863,3880
24/01/2018,00 - 01,3259,862,4121
24/01/2018,01 - 02,3013,822,3835
24/01/2018,02 - 03,2780,815,3595
24/01/2018,03 - 04,2573,771,3344
24/01/2018,04 - 05,2710,767,3477
24/01/2018,05 - 06,2425,710,3135
24/01/2018,06 - 07,2222,641,2863
24/01/2018,07 - 08,2364,559,2923
24/01/2018,08 - 09,2585,619,3204
24/01/2018,09 - 10,2831,666,3497
24/01/2018,10 - 11,3133,712,3845
24/01/2018,11 - 12,3325,766,4091
24/01/2018,12 - 13,3457,801,4258
24/01/2018,13 - 14,3518,825,4343
24/01/2018,14 - 15,3512,823,4335
24/01/2018,15 - 16,3517,850,4367
24/01/2018,16 - 17,3429,880,4309
24/01/2018,17 - 18,3273,906,4179
24/01/2018,18 - 19,3112,918,4030
24/01/2018,19 - 20,3072,921,3993
24/01/2018,20 - 21,3129,882,4011
24/01/2018,21 - 22,3222,813,4035
24/01/2018,22 - 23,3164,693,3857
24/01/2018,23 - 00,3298,545,3843
25/01/2018,00 - 01,3303,529,3832
25/01/2018,01 - 02,3273,555,3828
25/01/2018,02 - 03,3225,527,3752
25/01/2018,03 - 04,3085,580,3665
25/01/2018,04 - 05,2909,546,3455
25/01/2018,05 - 06,2770,633,3403
25/01/2018,06 - 07,2620,661,3281
25/01/2018,07 - 08,2433,609,3042
25/01/2018,08 - 09,2292,615,2907
25/01/2018,09 - 10,2161,540,2701
25/01/2018,10 - 11,2160,535,2695
25/01/2018,11 - 12,2189,572,2761
25/01/2018,12 - 13,2244,530,2774
25/01/2018,13 - 14,2258,501,2759
25/01/2018,14 - 15,2144,420,2564
25/01/2018,15 - 16,1955,408,2363
25/01/2018,16 - 17,1761,343,2104
25/01/2018,17 - 18,1516,357,1873
25/01/2018,18 - 19,1317,368,1685
25/01/2018,19 - 20,1238,320,1558
25/01/2018,20 - 21,1235,355,1590
25/01/2018,21 - 22,1229,304,1533
25/01/2018,22 - 23,1238,250,1488
25/01/2018,23 - 00,1095,190,1285
26/01/2018,00 - 01,974,163,1137
26/01/2018,01 - 02,840,134,974
26/01/2018,02 - 03,654,88,742
26/01/2018,03 - 04,546,68,614
26/01/2018,04 - 05,496,48,544
26/01/2018,05 - 06,471,32,503
26/01/2018,06 - 07,443,34,477
26/01/2018,07 - 08,433,11,444
26/01/2018,08 - 09,437,9,446
26/01/2018,09 - 10,459,12,471
26/01/2018,10 - 11,446,10,456
26/01/2018,11 - 12,423,8,431
26/01/2018,12 - 13,454,9,463
26/01/2018,13 - 14,435,7,442
26/01/2018,14 - 15,400,10,410
26/01/2018,15 - 16,423,19,442
26/01/2018,16 - 17,443,13,456
26/01/2018,17 - 18,390,10,400
26/01/2018,18 - 19,443,20,463
26/01/2018,19 - 20,529,16,545
26/01/2018,20 - 21,621,23,644
26/01/2018,21 - 22,633,37,670
26/01/2018,22 - 23,565,62,627
26/01/2018,23 - 00,590,101,691
27/01/2018,00 - 01,571,143,714
27/01/2018,01 - 02,467,191,658
27/01/2018,02 - 03,447,189,636
27/01/2018,03 - 04,466,180,646
27/01/2018,04 - 05,380,230,610
27/01/2018,05 - 06,263,209,472
27/01/2018,06 - 07,242,197,439
27/01/2018,07 - 08,316,174,490
27/01/2018,08 - 09,390,211,601
27/01/2018,09 - 10,573,219,792
27/01/2018,10 - 11,727,231,958
27/01/2018,11 - 12,973,229,1202
27/01/2018,12 - 13,1313,239,1552
27/01/2018,13 - 14,1615,356,1971
27/01/2018,14 - 15,1991,351,2342
27/01/2018,15 - 16,2287,401,2688
27/01/2018,16 - 17,2664,420,3084
27/01/2018,17 - 18,2894,522,3416
27/01/2018,18 - 19,3200,538,3738
27/01/2018,19 - 20,3365,691,4056
27/01/2018,20 - 21,3563,750,4313
27/01/2018,21 - 22,3576,813,4389
27/01/2018,22 - 23,3543,893,4436
27/01/2018,23 - 00,3320,892,4212
28/01/2018,00 - 01,2638,886,3524
28/01/2018,01 - 02,2362,707,3069
28/01/2018,02 - 03,2273,676,2949
28/01/2018,03 - 04,2403,655,3058
28/01/2018,04 - 05,2363,809,3172
28/01/2018,05 - 06,2931,793,3724
28/01/2018,06 - 07,2676,793,3469
28/01/2018,07 - 08,3109,805,3914
28/01/2018,08 - 09,3141,803,3944
28/01/2018,09 - 10,3155,811,3966
28/01/2018,10 - 11,3152,820,3972
28/01/2018,11 - 12,3130,828,3958
28/01/2018,12 - 13,3108,834,3942
28/01/2018,13 - 14,3142,839,3981
28/01/2018,14 - 15,3064,835,3899
28/01/2018,15 - 16,2879,815,3694
28/01/2018,16 - 17,2785,811,3596
28/01/2018,17 - 18,2519,788,3307
28/01/2018,18 - 19,2286,689,2975
28/01/2018,19 - 20,1951,503,2454
28/01/2018,20 - 21,1740,427,2167
28/01/2018,21 - 22,1580,420,2000
28/01/2018,22 - 23,1549,411,1960
28/01/2018,23 - 00,1432,469,1901
29/01/2018,00 - 01,1418,501,1919
29/01/2018,01 - 02,1650,598,2248
29/01/2018,02 - 03,1870,686,2556
29/01/2018,03 - 04,2112,753,2865
29/01/2018,04 - 05,2465,802,3267
29/01/2018,05 - 06,2644,836,3480
29/01/2018,06 - 07,2956,872,3828
29/01/2018,07 - 08,3273,917,4190
29/01/2018,08 - 09,3324,917,4241
29/01/2018,09 - 10,3374,904,4278
29/01/2018,10 - 11,3418,916,4334
29/01/2018,11 - 12,3359,926,4285
29/01/2018,12 - 13,3210,918,4128
29/01/2018,13 - 14,3091,885,3976
29/01/2018,14 - 15,3093,852,3945
29/01/2018,15 - 16,3108,814,3922
29/01/2018,16 - 17,3100,775,3875
29/01/2018,17 - 18,3096,767,3863
29/01/2018,18 - 19,3119,778,3897
29/01/2018,19 - 20,3119,787,3906
29/01/2018,20 - 21,3129,809,3938
29/01/2018,21 - 22,3035,828,3863
29/01/2018,22 - 23,3152,845,3997
29/01/2018,23 - 00,3020,860,3880
30/01/2018,00 - 01,3128,880,4008
30/01/2018,01 - 02,3112,889,4001
30/01/2018,02 - 03,3113,889,4002
30/01/2018,03 - 04,3001,882,3883
30/01/2018,04 - 05,3081,853,3934
30/01/2018,05 - 06,2973,837,3810
30/01/2018,06 - 07,3048,831,3879
30/01/2018,07 - 08,3034,822,3856
30/01/2018,08 - 09,2933,793,3726
30/01/2018,09 - 10,2714,791,3505
30/01/2018,10 - 11,2693,748,3441
30/01/2018,11 - 12,2513,725,3238
30/01/2018,12 - 13,2342,695,3037
30/01/2018,13 - 14,2277,664,2941
30/01/2018,14 - 15,2233,632,2865
30/01/2018,15 - 16,2055,598,2653
30/01/2018,16 - 17,1851,574,2425
30/01/2018,17 - 18,1807,561,2368
30/01/2018,18 - 19,1831,500,2331
30/01/2018,19 - 20,1790,403,2193
30/01/2018,20 - 21,1889,373,2262
30/01/2018,21 - 22,2052,417,2469
30/01/2018,22 - 23,2146,419,2565
30/01/2018,23 - 00,2331,477,2808
31/01/2018,00 - 01,2266,519,2785
31/01/2018,01 - 02,2302,439,2741
31/01/2018,02 - 03,2290,469,2759
31/01/2018,03 - 04,2429,498,2927
31/01/2018,04 - 05,2533,490,3023
31/01/2018,05 - 06,2542,561,3103
31/01/2018,06 - 07,2565,554,3119
31/01/2018,07 - 08,2683,573,3256
31/01/2018,08 - 09,2745,635,3380
31/01/2018,09 - 10,2773,722,3495
31/01/2018,10 - 11,2631,767,3398
31/01/2018,11 - 12,2610,786,3396
31/01/2018,12 - 13,2635,793,3428
31/01/2018,13 - 14,2397,791,3188
31/01/2018,14 - 15,2304,740,3044
31/01/2018,15 - 16,2259,577,2836
31/01/2018,16 - 17,2222,503,2725
31/01/2018,17 - 18,2230,683,2913
31/01/2018,18 - 19,2225,607,2832
31/01/2018,19 - 20,2144,451,2595
31/01/2018,20 - 21,2195,563,2758
31/01/2018,21 - 22,2160,592,2752
31/01/2018,22 - 23,2301,594,2895
31/01/2018,23 - 00,2266,630,2896
01/02/2018,00 - 01,2323,675,2998
01/02/2018,01 - 02,2416,726,3142
01/02/2018,02 - 03,2533,756,3289
01/02/2018,03 - 04,2607,750,3357
01/02/2018,04 - 05,2644,734,3378
01/02/2018,05 - 06,2594,743,3337
01/02/2018,06 - 07,2459,759,3218
01/02/2018,07 - 08,2353,783,3136
01/02/2018,08 - 09,2153,785,2938
01/02/2018,09 - 10,2209,774,2983
01/02/2018,10 - 11,2254,718,2972
01/02/2018,11 - 12,2384,704,3088
01/02/2018,12 - 13,2536,703,3239
01/02/2018,13 - 14,2542,703,3245
01/02/2018,14 - 15,2465,676,3141
01/02/2018,15 - 16,2326,708,3034
01/02/2018,16 - 17,2225,713,2938
01/02/2018,17 - 18,2119,724,2843
01/02/2018,18 - 19,2001,708,2709
01/02/2018,19 - 20,1831,735,2566
01/02/2018,20 - 21,1625,745,2370
01/02/2018,21 - 22,1466,767,2233
01/02/2018,22 - 23,1334,752,2086
01/02/2018,23 - 00,1526,798,2324
02/02/2018,00 - 01,1659,795,2454
02/02/2018,01 - 02,1671,785,2456
02/02/2018,02 - 03,1699,764,2463
02/02/2018,03 - 04,1671,741,2412
02/02/2018,04 - 05,1723,697,2420
02/02/2018,05 - 06,1868,641,2509
02/02/2018,06 - 07,2118,576,2694
02/02/2018,07 - 08,2311,491,2802
02/02/2018,08 - 09,2387,402,2789
02/02/2018,09 - 10,2456,307,2763
02/02/2018,10 - 11,2508,235,2743
02/02/2018,11 - 12,2383,178,2561
02/02/2018,12 - 13,2191,134,2325
02/02/2018,13 - 14,2026,93,2119
02/02/2018,14 - 15,1966,46,2012
02/02/2018,15 - 16,1941,32,1973
02/02/2018,16 - 17,1882,41,1923
02/02/2018,17 - 18,1649,63,1712
02/02/2018,18 - 19,1416,78,1494
02/02/2018,19 - 20,1289,83,1372
02/02/2018,20 - 21,1160,121,1281
02/02/2018,21 - 22,1014,176,1190
02/02/2018,22 - 23,891,254,1145
02/02/2018,23 - 00,882,333,1215
03/02/2018,00 - 01,791,344,1135
03/02/2018,01 - 02,732,309,1041
03/02/2018,02 - 03,694,279,973
03/02/2018,03 - 04,646,307,953
03/02/2018,04 - 05,684,267,951
03/02/2018,05 - 06,638,229,867
03/02/2018,06 - 07,597,221,818
03/02/2018,07 - 08,694,164,858
03/02/2018,08 - 09,845,133,978
03/02/2018,09 - 10,929,103,1032
03/02/2018,10 - 11,921,105,1026
03/02/2018,11 - 12,1071,65,1136
03/02/2018,12 - 13,1227,52,1279
03/02/2018,13 - 14,1304,61,1365
03/02/2018,14 - 15,1376,66,1442
03/02/2018,15 - 16,1419,62,1481
03/02/2018,16 - 17,1510,98,1608
03/02/2018,17 - 18,1709,71,1780
03/02/2018,18 - 19,1957,67,2024
03/02/2018,19 - 20,2159,80,2239
03/02/2018,20 - 21,2355,76,2431
03/02/2018,21 - 22,2499,65,2564
03/02/2018,22 - 23,2685,66,2751
03/02/2018,23 - 00,2810,87,2897
04/02/2018,00 - 01,2840,121,2961
04/02/2018,01 - 02,2838,123,2961
04/02/2018,02 - 03,2781,122,2903
04/02/2018,03 - 04,2697,168,2865
04/02/2018,04 - 05,2594,261,2855
04/02/2018,05 - 06,2560,289,2849
04/02/2018,06 - 07,2558,322,2880
04/02/2018,07 - 08,2622,442,3064
04/02/2018,08 - 09,2569,613,3182
04/02/2018,09 - 10,2461,745,3206
04/02/2018,10 - 11,2343,753,3096
04/02/2018,11 - 12,2131,717,2848
04/02/2018,12 - 13,1952,645,2597
04/02/2018,13 - 14,1710,603,2313
04/02/2018,14 - 15,1655,518,2173
04/02/2018,15 - 16,1562,484,2046
04/02/2018,16 - 17,1443,507,1950
04/02/2018,17 - 18,1352,482,1834
04/02/2018,18 - 19,1273,466,1739
04/02/2018,19 - 20,1129,453,1582
04/02/2018,20 - 21,1069,445,1514
04/02/2018,21 - 22,1034,434,1468
04/02/2018,22 - 23,1012,385,1397
04/02/2018,23 - 00,932,300,1232
05/02/2018,00 - 01,753,288,1041
05/02/2018,01 - 02,561,316,877
05/02/2018,02 - 03,434,313,747
05/02/2018,03 - 04,357,260,617
05/02/2018,04 - 05,327,235,562
05/02/2018,05 - 06,264,212,476
05/02/2018,06 - 07,250,220,470
05/02/2018,07 - 08,204,242,446
05/02/2018,08 - 09,165,233,398
05/02/2018,09 - 10,143,180,323
05/02/2018,10 - 11,126,134,260
05/02/2018,11 - 12,81,108,189
05/02/2018,12 - 13,64,90,154
05/02/2018,13 - 14,44,84,128
05/02/2018,14 - 15,30,65,95
05/02/2018,15 - 16,22,67,89
05/02/2018,16 - 17,24,67,91
05/02/2018,17 - 18,21,67,88
05/02/2018,18 - 19,23,62,85
05/02/2018,19 - 20,35,60,95
05/02/2018,20 - 21,39,51,90
05/02/2018,21 - 22,35,37,72
05/02/2018,22 - 23,24,26,50
05/02/2018,23 - 00,21,22,43
06/02/2018,00 - 01,19,15,34
06/02/2018,01 - 02,39,12,51
06/02/2018,02 - 03,62,16,78
06/02/2018,03 - 04,84,18,102
06/02/2018,04 - 05,78,16,94
06/02/2018,05 - 06,87,14,101
06/02/2018,06 - 07,126,20,146
06/02/2018,07 - 08,126,22,148
06/02/2018,08 - 09,105,22,127
06/02/2018,09 - 10,69,14,83
06/02/2018,10 - 11,58,9,67
06/02/2018,11 - 12,75,7,82
06/02/2018,12 - 13,77,7,84
06/02/2018,13 - 14,82,13,95
06/02/2018,14 - 15,95,15,110
06/02/2018,15 - 16,104,9,113
06/02/2018,16 - 17,77,8,85
06/02/2018,17 - 18,71,6,77
06/02/2018,18 - 19,92,6,98
06/02/2018,19 - 20,144,7,151
06/02/2018,20 - 21,176,12,188
06/02/2018,21 - 22,224,20,244
06/02/2018,22 - 23,321,36,357
06/02/2018,23 - 00,384,33,417
07/02/2018,00 - 01,424,30,454
07/02/2018,01 - 02,521,27,548
07/02/2018,02 - 03,575,24,599
07/02/2018,03 - 04,628,20,648
07/02/2018,04 - 05,622,20,642
07/02/2018,05 - 06,574,22,596
07/02/2018,06 - 07,499,24,523
07/02/2018,07 - 08,444,29,473
07/02/2018,08 - 09,532,32,564
07/02/2018,09 - 10,656,35,691
07/02/2018,10 - 11,676,36,712
07/02/2018,11 - 12,689,32,721
07/02/2018,12 - 13,717,39,756
07/02/2018,13 - 14,818,35,853
07/02/2018,14 - 15,1026,38,1064
07/02/2018,15 - 16,1099,43,1142
07/02/2018,16 - 17,1112,38,1150
07/02/2018,17 - 18,1210,41,1251
07/02/2018,18 - 19,1223,42,1265
07/02/2018,19 - 20,1160,40,1200
07/02/2018,20 - 21,1089,44,1133
07/02/2018,21 - 22,1054,46,1100
07/02/2018,22 - 23,958,53,1011
07/02/2018,23 - 00,846,63,909
08/02/2018,00 - 01,836,74,910
08/02/2018,01 - 02,911,85,996
08/02/2018,02 - 03,856,73,929
08/02/2018,03 - 04,950,72,1022
08/02/2018,04 - 05,1051,74,1125
08/02/2018,05 - 06,1134,54,1188
08/02/2018,06 - 07,1250,47,1297
08/02/2018,07 - 08,1347,41,1388
08/02/2018,08 - 09,1353,37,1390
08/02/2018,09 - 10,1414,35,1449
08/02/2018,10 - 11,1414,36,1450
08/02/2018,11 - 12,1528,39,1567
08/02/2018,12 - 13,1703,50,1753
08/02/2018,13 - 14,1833,63,1896
08/02/2018,14 - 15,1893,69,1962
08/02/2018,15 - 16,1825,66,1891
08/02/2018,16 - 17,1812,56,1868
08/02/2018,17 - 18,1770,52,1822
08/02/2018,18 - 19,1869,60,1929
08/02/2018,19 - 20,2005,69,2074
08/02/2018,20 - 21,2050,96,2146
08/02/2018,21 - 22,2098,128,2226
08/02/2018,22 - 23,2158,140,2298
08/02/2018,23 - 00,2274,141,2415
09/02/2018,00 - 01,2235,152,2387
09/02/2018,01 - 02,2268,170,2438
09/02/2018,02 - 03,2310,172,2482
09/02/2018,03 - 04,2245,173,2418
09/02/2018,04 - 05,2242,164,2406
09/02/2018,05 - 06,2256,169,2425
09/02/2018,06 - 07,2218,190,2408
09/02/2018,07 - 08,2242,207,2449
09/02/2018,08 - 09,2239,234,2473
09/02/2018,09 - 10,2180,259,2439
09/02/2018,10 - 11,2145,283,2428
09/02/2018,11 - 12,2110,308,2418
09/02/2018,12 - 13,2077,310,2387
09/02/2018,13 - 14,1999,328,2327
09/02/2018,14 - 15,1859,277,2136
09/02/2018,15 - 16,1753,248,2001
09/02/2018,16 - 17,1650,228,1878
09/02/2018,17 - 18,1666,229,1895
09/02/2018,18 - 19,1751,259,2010
09/02/2018,19 - 20,1825,281,2106
09/02/2018,20 - 21,1760,294,2054
09/02/2018,21 - 22,1660,262,1922
09/02/2018,22 - 23,1522,190,1712
09/02/2018,23 - 00,1407,175,1582
10/02/2018,00 - 01,1303,129,1432
10/02/2018,01 - 02,1243,112,1355
10/02/2018,02 - 03,1120,97,1217
10/02/2018,03 - 04,957,90,1047
10/02/2018,04 - 05,952,74,1026
10/02/2018,05 - 06,1044,70,1114
10/02/2018,06 - 07,1091,67,1158
10/02/2018,07 - 08,1159,66,1225
10/02/2018,08 - 09,1235,65,1300
10/02/2018,09 - 10,1282,89,1371
10/02/2018,10 - 11,1376,82,1458
10/02/2018,11 - 12,1404,68,1472
10/02/2018,12 - 13,1321,52,1373
10/02/2018,13 - 14,1182,47,1229
10/02/2018,14 - 15,1230,43,1273
10/02/2018,15 - 16,1210,33,1243
10/02/2018,16 - 17,1286,33,1319
10/02/2018,17 - 18,1378,51,1429
10/02/2018,18 - 19,1444,76,1520
10/02/2018,19 - 20,1609,101,1710
10/02/2018,20 - 21,1805,119,1924
10/02/2018,21 - 22,1923,121,2044
10/02/2018,22 - 23,1960,137,2097
10/02/2018,23 - 00,2009,170,2179
11/02/2018,00 - 01,2153,202,2355
11/02/2018,01 - 02,2277,249,2526
11/02/2018,02 - 03,2431,265,2696
11/02/2018,03 - 04,2490,334,2824
11/02/2018,04 - 05,2595,402,2997
11/02/2018,05 - 06,2845,422,3267
11/02/2018,06 - 07,2664,604,3268
11/02/2018,07 - 08,2761,674,3435
11/02/2018,08 - 09,3157,713,3870
11/02/2018,09 - 10,3168,727,3895
11/02/2018,10 - 11,3208,719,3927
11/02/2018,11 - 12,3238,714,3952
11/02/2018,12 - 13,3267,706,3973
11/02/2018,13 - 14,3303,717,4020
11/02/2018,14 - 15,3364,731,4095
11/02/2018,15 - 16,3378,735,4113
11/02/2018,16 - 17,3409,729,4138
11/02/2018,17 - 18,3306,765,4071
11/02/2018,18 - 19,3274,756,4030
11/02/2018,19 - 20,3169,768,3937
11/02/2018,20 - 21,3065,766,3831
11/02/2018,21 - 22,3044,758,3802
11/02/2018,22 - 23,3091,765,3856
11/02/2018,23 - 00,3160,768,3928
12/02/2018,00 - 01,3240,767,4007
12/02/2018,01 - 02,3358,767,4125
12/02/2018,02 - 03,3415,762,4177
12/02/2018,03 - 04,3360,765,4125
12/02/2018,04 - 05,3271,752,4023
12/02/2018,05 - 06,3153,737,3890
12/02/2018,06 - 07,3102,752,3854
12/02/2018,07 - 08,3171,764,3935
12/02/2018,08 - 09,3185,760,3945
12/02/2018,09 - 10,3213,763,3976
12/02/2018,10 - 11,3248,759,4007
12/02/2018,11 - 12,3242,753,3995
12/02/2018,12 - 13,3166,752,3918
12/02/2018,13 - 14,3049,746,3795
12/02/2018,14 - 15,3092,714,3806
12/02/2018,15 - 16,2859,659,3518
12/02/2018,16 - 17,2635,620,3255
12/02/2018,17 - 18,2412,631,3043
12/02/2018,18 - 19,2297,626,2923
12/02/2018,19 - 20,2024,631,2655
12/02/2018,20 - 21,1749,603,2352
12/02/2018,21 - 22,1649,515,2164
12/02/2018,22 - 23,1635,549,2184
12/02/2018,23 - 00,1589,504,2093
13/02/2018,00 - 01,1586,515,2101
13/02/2018,01 - 02,1411,530,1941
13/02/2018,02 - 03,1180,465,1645
13/02/2018,03 - 04,1142,378,1520
13/02/2018,04 - 05,978,291,1269
13/02/2018,05 - 06,973,238,1211
13/02/2018,06 - 07,852,236,1088
13/02/2018,07 - 08,796,238,1034
13/02/2018,08 - 09,783,231,1014
13/02/2018,09 - 10,852,247,1099
13/02/2018,10 - 11,816,206,1022
13/02/2018,11 - 12,919,172,1091
13/02/2018,12 - 13,1087,134,1221
13/02/2018,13 - 14,1099,145,1244
13/02/2018,14 - 15,1008,142,1150
13/02/2018,15 - 16,901,121,1022
13/02/2018,16 - 17,862,113,975
13/02/2018,17 - 18,878,99,977
13/02/2018,18 - 19,888,91,979
13/02/2018,19 - 20,1006,87,1093
13/02/2018,20 - 21,1113,94,1207
13/02/2018,21 - 22,1106,109,1215
13/02/2018,22 - 23,1066,108,1174
13/02/2018,23 - 00,1064,91,1155
14/02/2018,00 - 01,1068,70,1138
14/02/2018,01 - 02,1003,42,1045
14/02/2018,02 - 03,953,24,977
14/02/2018,03 - 04,818,26,844
14/02/2018,04 - 05,753,25,778
14/02/2018,05 - 06,786,35,821
14/02/2018,06 - 07,854,47,901
14/02/2018,07 - 08,940,48,988
14/02/2018,08 - 09,1048,50,1098
14/02/2018,09 - 10,1030,53,1083
14/02/2018,10 - 11,1057,69,1126
14/02/2018,11 - 12,1317,93,1410
14/02/2018,12 - 13,1806,130,1936
14/02/2018,13 - 14,2150,130,2280
14/02/2018,14 - 15,2303,127,2430
14/02/2018,15 - 16,2224,150,2374
14/02/2018,16 - 17,2007,172,2179
14/02/2018,17 - 18,2155,205,2360
14/02/2018,18 - 19,2576,267,2843
14/02/2018,19 - 20,2906,343,3249
14/02/2018,20 - 21,3070,441,3511
14/02/2018,21 - 22,3229,556,3785
14/02/2018,22 - 23,3275,556,3831
14/02/2018,23 - 00,3271,582,3853
15/02/2018,00 - 01,3299,554,3853
15/02/2018,01 - 02,3340,556,3896
15/02/2018,02 - 03,3209,563,3772
15/02/2018,03 - 04,3219,610,3829
15/02/2018,04 - 05,3318,633,3951
15/02/2018,05 - 06,3316,690,4006
15/02/2018,06 - 07,3384,695,4079
15/02/2018,07 - 08,3470,681,4151
15/02/2018,08 - 09,3471,710,4181
15/02/2018,09 - 10,3449,740,4189
15/02/2018,10 - 11,3422,758,4180
15/02/2018,11 - 12,3321,765,4086
15/02/2018,12 - 13,3124,750,3874
15/02/2018,13 - 14,3066,742,3808
15/02/2018,14 - 15,3027,731,3758
15/02/2018,15 - 16,2978,714,3692
15/02/2018,16 - 17,2906,712,3618
15/02/2018,17 - 18,2710,694,3404
15/02/2018,18 - 19,2637,676,3313
15/02/2018,19 - 20,2366,651,3017
15/02/2018,20 - 21,1960,584,2544
15/02/2018,21 - 22,1608,532,2140
15/02/2018,22 - 23,1528,460,1988
15/02/2018,23 - 00,1426,398,1824
16/02/2018,00 - 01,1299,298,1597
16/02/2018,01 - 02,1258,297,1555
16/02/2018,02 - 03,1260,305,1565
16/02/2018,03 - 04,1383,424,1807
16/02/2018,04 - 05,1516,465,1981
16/02/2018,05 - 06,1514,412,1926
16/02/2018,06 - 07,1467,404,1871
16/02/2018,07 - 08,1597,390,1987
16/02/2018,08 - 09,1747,425,2172
16/02/2018,09 - 10,1925,420,2345
16/02/2018,10 - 11,1910,434,2344
16/02/2018,11 - 12,1931,511,2442
16/02/2018,12 - 13,1850,596,2446
16/02/2018,13 - 14,1895,615,2510
16/02/2018,14 - 15,1824,668,2492
16/02/2018,15 - 16,1554,697,2251
16/02/2018,16 - 17,1293,681,1974
16/02/2018,17 - 18,1099,676,1775
16/02/2018,18 - 19,941,630,1571
16/02/2018,19 - 20,887,587,1474
16/02/2018,20 - 21,758,540,1298
16/02/2018,21 - 22,683,503,1186
16/02/2018,22 - 23,578,467,1045
16/02/2018,23 - 00,441,424,865
17/02/2018,00 - 01,369,311,680
17/02/2018,01 - 02,315,284,599
17/02/2018,02 - 03,247,239,486
17/02/2018,03 - 04,157,173,330
17/02/2018,04 - 05,111,98,209
17/02/2018,05 - 06,92,79,171
17/02/2018,06 - 07,45,79,124
17/02/2018,07 - 08,18,71,89
17/02/2018,08 - 09,19,42,61
17/02/2018,09 - 10,39,27,66
17/02/2018,10 - 11,47,25,72
17/02/2018,11 - 12,25,16,41
17/02/2018,12 - 13,23,16,39
17/02/2018,13 - 14,24,12,36
17/02/2018,14 - 15,33,9,42
17/02/2018,15 - 16,37,8,45
17/02/2018,16 - 17,46,9,55
17/02/2018,17 - 18,83,10,93
17/02/2018,18 - 19,148,8,156
17/02/2018,19 - 20,219,7,226
17/02/2018,20 - 21,282,7,289
17/02/2018,21 - 22,366,8,374
17/02/2018,22 - 23,436,9,445
17/02/2018,23 - 00,504,8,512
18/02/2018,00 - 01,575,9,584
18/02/2018,01 - 02,653,12,665
18/02/2018,02 - 03,739,14,753
18/02/2018,03 - 04,818,16,834
18/02/2018,04 - 05,867,18,885
18/02/2018,05 - 06,873,31,904
18/02/2018,06 - 07,861,41,902
18/02/2018,07 - 08,963,49,1012
18/02/2018,08 - 09,1063,71,1134
18/02/2018,09 - 10,1159,114,1273
18/02/2018,10 - 11,1298,153,1451
18/02/2018,11 - 12,1498,167,1665
18/02/2018,12 - 13,1516,167,1683
18/02/2018,13 - 14,1462,160,1622
18/02/2018,14 - 15,1371,135,1506
18/02/2018,15 - 16,1321,126,1447
18/02/2018,16 - 17,1185,105,1290
18/02/2018,17 - 18,1071,92,1163
18/02/2018,18 - 19,1044,83,1127
18/02/2018,19 - 20,1017,103,1120
18/02/2018,20 - 21,991,127,1118
18/02/2018,21 - 22,895,159,1054
18/02/2018,22 - 23,770,186,956
18/02/2018,23 - 00,690,182,872
19/02/2018,00 - 01,584,165,749
19/02/2018,01 - 02,453,162,615
19/02/2018,02 - 03,378,141,519
19/02/2018,03 - 04,354,107,461
19/02/2018,04 - 05,258,93,351
19/02/2018,05 - 06,188,80,268
19/02/2018,06 - 07,182,67,249
19/02/2018,07 - 08,164,58,222
19/02/2018,08 - 09,140,49,189
19/02/2018,09 - 10,100,34,134
19/02/2018,10 - 11,105,26,131
19/02/2018,11 - 12,105,16,121
19/02/2018,12 - 13,121,12,133
19/02/2018,13 - 14,125,14,139
19/02/2018,14 - 15,143,14,157
19/02/2018,15 - 16,165,14,179
19/02/2018,16 - 17,183,13,196
19/02/2018,17 - 18,245,13,258
19/02/2018,18 - 19,332,14,346
19/02/2018,19 - 20,407,19,426
19/02/2018,20 - 21,483,22,505
19/02/2018,21 - 22,570,24,594
19/02/2018,22 - 23,658,30,688
19/02/2018,23 - 00,730,42,772
20/02/2018,00 - 01,743,44,787
20/02/2018,01 - 02,729,60,789
20/02/2018,02 - 03,712,56,768
20/02/2018,03 - 04,719,67,786
20/02/2018,04 - 05,711,61,772
20/02/2018,05 - 06,658,76,734
20/02/2018,06 - 07,616,98,714
20/02/2018,07 - 08,692,113,805
20/02/2018,08 - 09,665,139,804
20/02/2018,09 - 10,659,123,782
20/02/2018,10 - 11,663,95,758
20/02/2018,11 - 12,587,102,689
20/02/2018,12 - 13,475,139,614
20/02/2018,13 - 14,394,148,542
20/02/2018,14 - 15,352,165,517
20/02/2018,15 - 16,346,151,497
20/02/2018,16 - 17,291,164,455
20/02/2018,17 - 18,267,187,454
20/02/2018,18 - 19,249,181,430
20/02/2018,19 - 20,249,154,403
20/02/2018,20 - 21,177,133,310
20/02/2018,21 - 22,113,95,208
20/02/2018,22 - 23,72,71,143
20/02/2018,23 - 00,90,52,142
21/02/2018,00 - 01,88,33,121
21/02/2018,01 - 02,43,19,62
21/02/2018,02 - 03,47,14,61
21/02/2018,03 - 04,49,11,60
21/02/2018,04 - 05,53,7,60
21/02/2018,05 - 06,70,13,83
21/02/2018,06 - 07,88,15,103
21/02/2018,07 - 08,87,10,97
21/02/2018,08 - 09,101,7,108
21/02/2018,09 - 10,118,7,125
21/02/2018,10 - 11,83,8,91
21/02/2018,11 - 12,97,8,105
21/02/2018,12 - 13,157,8,165
21/02/2018,13 - 14,230,9,239
21/02/2018,14 - 15,241,9,250
21/02/2018,15 - 16,456,9,465
21/02/2018,16 - 17,288,10,298
21/02/2018,17 - 18,304,12,316
21/02/2018,18 - 19,288,14,302
21/02/2018,19 - 20,293,15,308
21/02/2018,20 - 21,256,17,273
21/02/2018,21 - 22,231,20,251
21/02/2018,22 - 23,274,20,294
21/02/2018,23 - 00,302,19,321
22/02/2018,00 - 01,358,26,384
22/02/2018,01 - 02,408,11,419
22/02/2018,02 - 03,360,11,371
22/02/2018,03 - 04,291,14,305
22/02/2018,04 - 05,238,19,257
22/02/2018,05 - 06,218,21,239
22/02/2018,06 - 07,262,23,285
22/02/2018,07 - 08,238,23,261
22/02/2018,08 - 09,223,21,244
22/02/2018,09 - 10,226,23,249
22/02/2018,10 - 11,228,23,251
22/02/2018,11 - 12,226,57,283
22/02/2018,12 - 13,230,56,286
22/02/2018,13 - 14,224,67,291
22/02/2018,14 - 15,189,108,297
22/02/2018,15 - 16,142,92,234
22/02/2018,16 - 17,105,121,226
22/02/2018,17 - 18,123,120,243
22/02/2018,18 - 19,187,105,292
22/02/2018,19 - 20,213,120,333
22/02/2018,20 - 21,230,116,346
22/02/2018,21 - 22,237,128,365
22/02/2018,22 - 23,249,128,377
22/02/2018,23 - 00,236,106,342
23/02/2018,00 - 01,201,104,305
23/02/2018,01 - 02,160,95,255
23/02/2018,02 - 03,115,67,182
23/02/2018,03 - 04,78,64,142
23/02/2018,04 - 05,68,67,135
23/02/2018,05 - 06,59,59,118
23/02/2018,06 - 07,56,63,119
23/02/2018,07 - 08,45,62,107
23/02/2018,08 - 09,37,47,84
23/02/2018,09 - 10,31,56,87
23/02/2018,10 - 11,24,59,83
23/02/2018,11 - 12,24,54,78
23/02/2018,12 - 13,30,43,73
23/02/2018,13 - 14,26,27,53
23/02/2018,14 - 15,27,21,48
23/02/2018,15 - 16,33,21,54
23/02/2018,16 - 17,51,15,66
23/02/2018,17 - 18,62,15,77
23/02/2018,18 - 19,82,22,104
23/02/2018,19 - 20,156,31,187
23/02/2018,20 - 21,304,45,349
23/02/2018,21 - 22,358,71,429
23/02/2018,22 - 23,351,86,437
23/02/2018,23 - 00,385,155,540
24/02/2018,00 - 01,424,178,602
24/02/2018,01 - 02,462,192,654
24/02/2018,02 - 03,636,203,839
24/02/2018,03 - 04,757,231,988
24/02/2018,04 - 05,808,257,1065
24/02/2018,05 - 06,895,352,1247
24/02/2018,06 - 07,924,477,1401
24/02/2018,07 - 08,993,465,1458
24/02/2018,08 - 09,1026,436,1462
24/02/2018,09 - 10,1120,462,1582
24/02/2018,10 - 11,1230,456,1686
24/02/2018,11 - 12,1249,459,1708
24/02/2018,12 - 13,1150,444,1594
24/02/2018,13 - 14,939,419,1358
24/02/2018,14 - 15,764,393,1157
24/02/2018,15 - 16,658,376,1034
24/02/2018,16 - 17,611,396,1007
24/02/2018,17 - 18,566,378,944
24/02/2018,18 - 19,489,394,883
24/02/2018,19 - 20,456,354,810
24/02/2018,20 - 21,435,326,761
24/02/2018,21 - 22,382,285,667
24/02/2018,22 - 23,332,267,599
24/02/2018,23 - 00,289,175,464
25/02/2018,00 - 01,225,145,370
25/02/2018,01 - 02,206,96,302
25/02/2018,02 - 03,180,113,293
25/02/2018,03 - 04,161,104,265
25/02/2018,04 - 05,183,162,345
25/02/2018,05 - 06,240,172,412
25/02/2018,06 - 07,350,189,539
25/02/2018,07 - 08,436,254,690
25/02/2018,08 - 09,647,329,976
25/02/2018,09 - 10,891,338,1229
25/02/2018,10 - 11,1146,328,1474
25/02/2018,11 - 12,1295,368,1663
25/02/2018,12 - 13,1438,360,1798
25/02/2018,13 - 14,1519,346,1865
25/02/2018,14 - 15,1582,349,1931
25/02/2018,15 - 16,1736,402,2138
25/02/2018,16 - 17,1859,411,2270
25/02/2018,17 - 18,1815,426,2241
25/02/2018,18 - 19,1732,415,2147
25/02/2018,19 - 20,1734,449,2183
25/02/2018,20 - 21,1638,495,2133
25/02/2018,21 - 22,1604,520,2124
25/02/2018,22 - 23,1622,579,2201
25/02/2018,23 - 00,1667,581,2248
26/02/2018,00 - 01,1635,552,2187
26/02/2018,01 - 02,1494,451,1945
26/02/2018,02 - 03,1294,405,1699
26/02/2018,03 - 04,1190,430,1620
26/02/2018,04 - 05,1231,421,1652
26/02/2018,05 - 06,1290,370,1660
26/02/2018,06 - 07,1265,385,1650
26/02/2018,07 - 08,1311,400,1711
26/02/2018,08 - 09,1228,384,1612
26/02/2018,09 - 10,1419,427,1846
26/02/2018,10 - 11,1678,467,2145
26/02/2018,11 - 12,1713,478,2191
26/02/2018,12 - 13,1630,459,2089
26/02/2018,13 - 14,1609,454,2063
26/02/2018,14 - 15,1674,450,2124
26/02/2018,15 - 16,1774,387,2161
26/02/2018,16 - 17,1793,297,2090
26/02/2018,17 - 18,1636,348,1984
26/02/2018,18 - 19,1403,384,1787
26/02/2018,19 - 20,1450,374,1824
26/02/2018,20 - 21,1581,497,2078
26/02/2018,21 - 22,1662,425,2087
26/02/2018,22 - 23,1752,285,2037
26/02/2018,23 - 00,1817,428,2245
27/02/2018,00 - 01,1755,421,2176
27/02/2018,01 - 02,1784,422,2206
27/02/2018,02 - 03,1793,463,2256
27/02/2018,03 - 04,1855,478,2333
27/02/2018,04 - 05,2013,415,2428
27/02/2018,05 - 06,2254,418,2672
27/02/2018,06 - 07,2451,483,2934
27/02/2018,07 - 08,2539,556,3095
27/02/2018,08 - 09,2697,570,3267
27/02/2018,09 - 10,2908,625,3533
27/02/2018,10 - 11,3123,655,3778
27/02/2018,11 - 12,3297,653,3950
27/02/2018,12 - 13,3361,551,3912
27/02/2018,13 - 14,3401,577,3978
27/02/2018,14 - 15,3420,726,4146
27/02/2018,15 - 16,3415,712,4127
27/02/2018,16 - 17,3374,673,4047
27/02/2018,17 - 18,3369,619,3988
27/02/2018,18 - 19,3397,696,4093
27/02/2018,19 - 20,3453,713,4166
27/02/2018,20 - 21,3529,743,4272
27/02/2018,21 - 22,3504,696,4200
27/02/2018,22 - 23,3404,504,3908
27/02/2018,23 - 00,3298,472,3770
28/02/2018,00 - 01,3256,426,3682
28/02/2018,01 - 02,3262,417,3679
28/02/2018,02 - 03,3219,339,3558
28/02/2018,03 - 04,3106,319,3425
28/02/2018,04 - 05,3022,356,3378
28/02/2018,05 - 06,2939,344,3283
28/02/2018,06 - 07,2921,436,3357
28/02/2018,07 - 08,2926,476,3402
28/02/2018,08 - 09,2915,511,3426
28/02/2018,09 - 10,3043,531,3574
28/02/2018,10 - 11,3066,562,3628
28/02/2018,11 - 12,2852,517,3369
28/02/2018,12 - 13,2912,528,3440
28/02/2018,13 - 14,3193,602,3795
28/02/2018,14 - 15,3223,622,3845
28/02/2018,15 - 16,3189,643,3832
28/02/2018,16 - 17,3102,672,3774
28/02/2018,17 - 18,3029,719,3748
28/02/2018,18 - 19,3000,731,3731
28/02/2018,19 - 20,3083,739,3822
28/02/2018,20 - 21,3107,734,3841
28/02/2018,21 - 22,2824,746,3570
28/02/2018,22 - 23,2808,729,3537
28/02/2018,23 - 00,2891,695,3586
01/03/2018,00 - 01,3018,627,3645
01/03/2018,01 - 02,2935,478,3413
01/03/2018,02 - 03,2772,386,3158
01/03/2018,03 - 04,2786,354,3140
01/03/2018,04 - 05,2846,366,3212
01/03/2018,05 - 06,2835,384,3219
01/03/2018,06 - 07,2883,426,3309
01/03/2018,07 - 08,3007,406,3413
01/03/2018,08 - 09,3000,410,3410
01/03/2018,09 - 10,3104,411,3515
01/03/2018,10 - 11,3226,410,3636
01/03/2018,11 - 12,3212,364,3576
01/03/2018,12 - 13,3003,321,3324
01/03/2018,13 - 14,3003,319,3322
01/03/2018,14 - 15,3031,366,3397
01/03/2018,15 - 16,2979,365,3344
01/03/2018,16 - 17,2975,388,3363
01/03/2018,17 - 18,2862,530,3392
01/03/2018,18 - 19,2720,657,3377
01/03/2018,19 - 20,2658,628,3286
01/03/2018,20 - 21,2683,462,3145
01/03/2018,21 - 22,2634,533,3167
01/03/2018,22 - 23,2437,557,2994
01/03/2018,23 - 00,2410,574,2984
02/03/2018,00 - 01,2475,471,2946
02/03/2018,01 - 02,2516,401,2917
02/03/2018,02 - 03,2521,331,2852
02/03/2018,03 - 04,2568,269,2837
02/03/2018,04 - 05,2585,236,2821
02/03/2018,05 - 06,2504,193,2697
02/03/2018,06 - 07,2514,179,2693
02/03/2018,07 - 08,2497,212,2709
02/03/2018,08 - 09,2530,263,2793
02/03/2018,09 - 10,2611,342,2953
02/03/2018,10 - 11,2790,360,3150
02/03/2018,11 - 12,2948,241,3189
02/03/2018,12 - 13,2994,195,3189
02/03/2018,13 - 14,2857,240,3097
02/03/2018,14 - 15,2641,360,3001
02/03/2018,15 - 16,2455,532,2987
02/03/2018,16 - 17,2270,578,2848
02/03/2018,17 - 18,2075,576,2651
02/03/2018,18 - 19,2040,552,2592
02/03/2018,19 - 20,1991,529,2520
02/03/2018,20 - 21,1971,508,2479
02/03/2018,21 - 22,2063,518,2581
02/03/2018,22 - 23,2072,509,2581
02/03/2018,23 - 00,2039,464,2503
03/03/2018,00 - 01,1968,411,2379
03/03/2018,01 - 02,1704,368,2072
03/03/2018,02 - 03,1496,356,1852
03/03/2018,03 - 04,1391,308,1699
03/03/2018,04 - 05,1307,241,1548
03/03/2018,05 - 06,1225,227,1452
03/03/2018,06 - 07,1215,203,1418
03/03/2018,07 - 08,1221,182,1403
03/03/2018,08 - 09,1115,231,1346
03/03/2018,09 - 10,1124,260,1384
03/03/2018,10 - 11,1163,271,1434
03/03/2018,11 - 12,1388,240,1628
03/03/2018,12 - 13,1657,213,1870
03/03/2018,13 - 14,1726,179,1905
03/03/2018,14 - 15,1771,170,1941
03/03/2018,15 - 16,1672,179,1851
03/03/2018,16 - 17,1497,226,1723
03/03/2018,17 - 18,1324,274,1598
03/03/2018,18 - 19,1323,298,1621
03/03/2018,19 - 20,1330,342,1672
03/03/2018,20 - 21,1353,446,1799
03/03/2018,21 - 22,1352,456,1808
03/03/2018,22 - 23,1427,450,1877
03/03/2018,23 - 00,1441,471,1912
04/03/2018,00 - 01,1411,428,1839
04/03/2018,01 - 02,1450,415,1865
04/03/2018,02 - 03,1379,365,1744
04/03/2018,03 - 04,1345,319,1664
04/03/2018,04 - 05,1362,314,1676
04/03/2018,05 - 06,1361,361,1722
04/03/2018,06 - 07,1378,451,1829
04/03/2018,07 - 08,1458,497,1955
04/03/2018,08 - 09,1633,528,2161
04/03/2018,09 - 10,1971,555,2526
04/03/2018,10 - 11,2291,604,2895
04/03/2018,11 - 12,2381,564,2945
04/03/2018,12 - 13,2406,535,2941
04/03/2018,13 - 14,2403,535,2938
04/03/2018,14 - 15,2377,512,2889
04/03/2018,15 - 16,2352,523,2875
04/03/2018,16 - 17,2349,556,2905
04/03/2018,17 - 18,2240,549,2789
04/03/2018,18 - 19,2201,528,2729
04/03/2018,19 - 20,2175,531,2706
04/03/2018,20 - 21,2149,545,2694
04/03/2018,21 - 22,2141,523,2664
04/03/2018,22 - 23,2120,514,2634
04/03/2018,23 - 00,2050,502,2552
05/03/2018,00 - 01,2135,490,2625
05/03/2018,01 - 02,2330,488,2818
05/03/2018,02 - 03,2544,522,3066
05/03/2018,03 - 04,2687,524,3211
05/03/2018,04 - 05,2911,544,3455
05/03/2018,05 - 06,3019,558,3577
05/03/2018,06 - 07,3064,502,3566
05/03/2018,07 - 08,3001,456,3457
05/03/2018,08 - 09,2902,419,3321
05/03/2018,09 - 10,2429,340,2769
05/03/2018,10 - 11,2372,285,2657
05/03/2018,11 - 12,2438,255,2693
05/03/2018,12 - 13,2353,234,2587
05/03/2018,13 - 14,2316,233,2549
05/03/2018,14 - 15,2281,262,2543
05/03/2018,15 - 16,2155,273,2428
05/03/2018,16 - 17,2063,299,2362
05/03/2018,17 - 18,1955,381,2336
05/03/2018,18 - 19,1765,469,2234
05/03/2018,19 - 20,1581,522,2103
05/03/2018,20 - 21,1338,457,1795
05/03/2018,21 - 22,1080,395,1475
05/03/2018,22 - 23,907,320,1227
05/03/2018,23 - 00,725,204,929
06/03/2018,00 - 01,541,147,688
06/03/2018,01 - 02,445,141,586
06/03/2018,02 - 03,269,117,386
06/03/2018,03 - 04,150,111,261
06/03/2018,04 - 05,90,93,183
06/03/2018,05 - 06,67,71,138
06/03/2018,06 - 07,79,62,141
06/03/2018,07 - 08,120,75,195
06/03/2018,08 - 09,156,69,225
06/03/2018,09 - 10,183,92,275
06/03/2018,10 - 11,221,112,333
06/03/2018,11 - 12,294,114,408
06/03/2018,12 - 13,392,96,488
06/03/2018,13 - 14,512,109,621
06/03/2018,14 - 15,688,154,842
06/03/2018,15 - 16,847,195,1042
06/03/2018,16 - 17,905,261,1166
06/03/2018,17 - 18,1014,299,1313
06/03/2018,18 - 19,1011,279,1290
06/03/2018,19 - 20,956,267,1223
06/03/2018,20 - 21,968,273,1241
06/03/2018,21 - 22,1035,221,1256
06/03/2018,22 - 23,1147,184,1331
06/03/2018,23 - 00,1212,178,1390
07/03/2018,00 - 01,1146,178,1324
07/03/2018,01 - 02,1072,146,1218
07/03/2018,02 - 03,1084,128,1212
07/03/2018,03 - 04,1092,150,1242
07/03/2018,04 - 05,1111,147,1258
07/03/2018,05 - 06,1127,172,1299
07/03/2018,06 - 07,1126,214,1340
07/03/2018,07 - 08,1068,201,1269
07/03/2018,08 - 09,941,187,1128
07/03/2018,09 - 10,789,185,974
07/03/2018,10 - 11,714,188,902
07/03/2018,11 - 12,636,179,815
07/03/2018,12 - 13,569,177,746
07/03/2018,13 - 14,457,174,631
07/03/2018,14 - 15,381,216,597
07/03/2018,15 - 16,315,190,505
07/03/2018,16 - 17,258,125,383
07/03/2018,17 - 18,276,93,369
07/03/2018,18 - 19,296,84,380
07/03/2018,19 - 20,266,75,341
07/03/2018,20 - 21,211,70,281
07/03/2018,21 - 22,174,72,246
07/03/2018,22 - 23,199,65,264
07/03/2018,23 - 00,210,43,253
08/03/2018,00 - 01,178,32,210
08/03/2018,01 - 02,187,27,214
08/03/2018,02 - 03,174,24,198
08/03/2018,03 - 04,143,22,165
08/03/2018,04 - 05,156,21,177
08/03/2018,05 - 06,158,22,180
08/03/2018,06 - 07,163,23,186
08/03/2018,07 - 08,167,24,191
08/03/2018,08 - 09,147,37,184
08/03/2018,09 - 10,118,45,163
08/03/2018,10 - 11,81,77,158
08/03/2018,11 - 12,63,138,201
08/03/2018,12 - 13,100,165,265
08/03/2018,13 - 14,117,215,332
08/03/2018,14 - 15,119,273,392
08/03/2018,15 - 16,113,156,269
08/03/2018,16 - 17,152,83,235
08/03/2018,17 - 18,218,103,321
08/03/2018,18 - 19,311,143,454
08/03/2018,19 - 20,353,274,627
08/03/2018,20 - 21,386,363,749
08/03/2018,21 - 22,400,315,715
08/03/2018,22 - 23,381,311,692
08/03/2018,23 - 00,326,358,684
09/03/2018,00 - 01,290,287,577
09/03/2018,01 - 02,279,291,570
09/03/2018,02 - 03,275,264,539
09/03/2018,03 - 04,299,318,617
09/03/2018,04 - 05,340,291,631
09/03/2018,05 - 06,345,335,680
09/03/2018,06 - 07,336,388,724
09/03/2018,07 - 08,285,394,679
09/03/2018,08 - 09,231,367,598
09/03/2018,09 - 10,212,256,468
09/03/2018,10 - 11,199,201,400
09/03/2018,11 - 12,227,182,409
09/03/2018,12 - 13,211,265,476
09/03/2018,13 - 14,201,319,520
09/03/2018,14 - 15,183,228,411
09/03/2018,15 - 16,132,164,296
09/03/2018,16 - 17,106,156,262
09/03/2018,17 - 18,62,237,299
09/03/2018,18 - 19,49,206,255
09/03/2018,19 - 20,55,157,212
09/03/2018,20 - 21,63,121,184
09/03/2018,21 - 22,71,67,138
09/03/2018,22 - 23,106,41,147
09/03/2018,23 - 00,156,25,181
10/03/2018,00 - 01,157,23,180
10/03/2018,01 - 02,147,23,170
10/03/2018,02 - 03,182,30,212
10/03/2018,03 - 04,226,49,275
10/03/2018,04 - 05,313,63,376
10/03/2018,05 - 06,443,92,535
10/03/2018,06 - 07,597,112,709
10/03/2018,07 - 08,733,143,876
10/03/2018,08 - 09,812,219,1031
10/03/2018,09 - 10,979,289,1268
10/03/2018,10 - 11,1242,342,1584
10/03/2018,11 - 12,1467,400,1867
10/03/2018,12 - 13,1568,413,1981
10/03/2018,13 - 14,1635,401,2036
10/03/2018,14 - 15,1793,472,2265
10/03/2018,15 - 16,1949,519,2468
10/03/2018,16 - 17,2141,575,2716
10/03/2018,17 - 18,2333,595,2928
10/03/2018,18 - 19,2449,670,3119
10/03/2018,19 - 20,2548,694,3242
10/03/2018,20 - 21,2532,671,3203
10/03/2018,21 - 22,2447,615,3062
10/03/2018,22 - 23,2324,521,2845
10/03/2018,23 - 00,2125,419,2544
11/03/2018,00 - 01,1994,335,2329
11/03/2018,01 - 02,1978,276,2254
11/03/2018,02 - 03,1912,212,2124
11/03/2018,03 - 04,1876,189,2065
11/03/2018,04 - 05,1849,163,2012
11/03/2018,05 - 06,1772,159,1931
11/03/2018,06 - 07,1709,156,1865
11/03/2018,07 - 08,1679,147,1826
11/03/2018,08 - 09,1582,159,1741
11/03/2018,09 - 10,1523,177,1700
11/03/2018,10 - 11,1435,187,1622
11/03/2018,11 - 12,1351,199,1550
11/03/2018,12 - 13,1260,175,1435
11/03/2018,13 - 14,1153,171,1324
11/03/2018,14 - 15,1118,213,1331
11/03/2018,15 - 16,1187,201,1388
11/03/2018,16 - 17,1358,211,1569
11/03/2018,17 - 18,1533,276,1809
11/03/2018,18 - 19,1720,386,2106
11/03/2018,19 - 20,1910,463,2373
11/03/2018,20 - 21,2029,425,2454
11/03/2018,21 - 22,2141,358,2499
11/03/2018,22 - 23,2189,315,2504
11/03/2018,23 - 00,2131,308,2439
12/03/2018,00 - 01,1992,219,2211
12/03/2018,01 - 02,1769,152,1921
12/03/2018,02 - 03,1438,141,1579
12/03/2018,03 - 04,976,83,1059
12/03/2018,04 - 05,602,55,657
12/03/2018,05 - 06,440,49,489
12/03/2018,06 - 07,350,45,395
12/03/2018,07 - 08,218,38,256
12/03/2018,08 - 09,153,45,198
12/03/2018,09 - 10,88,41,129
12/03/2018,10 - 11,36,60,96
12/03/2018,11 - 12,27,66,93
12/03/2018,12 - 13,10,58,68
12/03/2018,13 - 14,5,34,39
12/03/2018,14 - 15,5,28,33
12/03/2018,15 - 16,9,21,30
12/03/2018,16 - 17,14,23,37
12/03/2018,17 - 18,17,30,47
12/03/2018,18 - 19,31,43,74
12/03/2018,19 - 20,52,28,80
12/03/2018,20 - 21,72,20,92
12/03/2018,21 - 22,84,20,104
12/03/2018,22 - 23,107,46,153
12/03/2018,23 - 00,150,84,234
13/03/2018,00 - 01,204,79,283
13/03/2018,01 - 02,296,65,361
13/03/2018,02 - 03,382,53,435
13/03/2018,03 - 04,451,47,498
13/03/2018,04 - 05,582,72,654
13/03/2018,05 - 06,644,118,762
13/03/2018,06 - 07,651,141,792
13/03/2018,07 - 08,660,158,818
13/03/2018,08 - 09,665,125,790
13/03/2018,09 - 10,689,85,774
13/03/2018,10 - 11,996,115,1111
13/03/2018,11 - 12,781,123,904
13/03/2018,12 - 13,822,112,934
13/03/2018,13 - 14,843,129,972
13/03/2018,14 - 15,828,155,983
13/03/2018,15 - 16,792,210,1002
13/03/2018,16 - 17,771,238,1009
13/03/2018,17 - 18,736,195,931
13/03/2018,18 - 19,668,165,833
13/03/2018,19 - 20,566,164,730
13/03/2018,20 - 21,524,163,687
13/03/2018,21 - 22,500,149,649
13/03/2018,22 - 23,477,149,626
13/03/2018,23 - 00,408,165,573
14/03/2018,00 - 01,376,166,542
14/03/2018,01 - 02,323,171,494
14/03/2018,02 - 03,278,169,447
14/03/2018,03 - 04,291,156,447
14/03/2018,04 - 05,262,152,414
14/03/2018,05 - 06,244,148,392
14/03/2018,06 - 07,192,120,312
14/03/2018,07 - 08,150,102,252
14/03/2018,08 - 09,152,92,244
14/03/2018,09 - 10,149,83,232
14/03/2018,10 - 11,141,64,205
14/03/2018,11 - 12,110,50,160
14/03/2018,12 - 13,58,35,93
14/03/2018,13 - 14,46,29,75
14/03/2018,14 - 15,37,27,64
14/03/2018,15 - 16,35,31,66
14/03/2018,16 - 17,89,43,132
14/03/2018,17 - 18,298,50,348
14/03/2018,18 - 19,548,79,627
14/03/2018,19 - 20,644,143,787
14/03/2018,20 - 21,511,238,749
14/03/2018,21 - 22,463,310,773
14/03/2018,22 - 23,500,324,824
14/03/2018,23 - 00,616,296,912
15/03/2018,00 - 01,740,274,1014
15/03/2018,01 - 02,962,339,1301
15/03/2018,02 - 03,1314,395,1709
15/03/2018,03 - 04,1589,508,2097
15/03/2018,04 - 05,2012,634,2646
15/03/2018,05 - 06,2388,717,3105
15/03/2018,06 - 07,2458,753,3211
15/03/2018,07 - 08,2481,755,3236
15/03/2018,08 - 09,2545,785,3330
15/03/2018,09 - 10,2743,811,3554
15/03/2018,10 - 11,3055,841,3896
15/03/2018,11 - 12,3263,869,4132
15/03/2018,12 - 13,3203,888,4091
15/03/2018,13 - 14,3197,924,4121
15/03/2018,14 - 15,3218,950,4168
15/03/2018,15 - 16,3312,972,4284
15/03/2018,16 - 17,3256,992,4248
15/03/2018,17 - 18,3307,1008,4315
15/03/2018,18 - 19,3385,1014,4399
15/03/2018,19 - 20,3248,1023,4271
15/03/2018,20 - 21,3032,1015,4047
15/03/2018,21 - 22,2940,1027,3967
15/03/2018,22 - 23,2997,1027,4024
15/03/2018,23 - 00,3218,1018,4236
16/03/2018,00 - 01,3391,1023,4414
16/03/2018,01 - 02,3071,1023,4094
16/03/2018,02 - 03,2998,1015,4013
16/03/2018,03 - 04,3181,1003,4184
16/03/2018,04 - 05,3211,993,4204
16/03/2018,05 - 06,3192,978,4170
16/03/2018,06 - 07,3227,984,4211
16/03/2018,07 - 08,3226,990,4216
16/03/2018,08 - 09,3345,997,4342
16/03/2018,09 - 10,3280,1003,4283
16/03/2018,10 - 11,3251,1008,4259
16/03/2018,11 - 12,3221,1001,4222
16/03/2018,12 - 13,3068,1004,4072
16/03/2018,13 - 14,2898,993,3891
16/03/2018,14 - 15,3180,970,4150
16/03/2018,15 - 16,3196,962,4158
16/03/2018,16 - 17,3307,962,4269
16/03/2018,17 - 18,3265,967,4232
16/03/2018,18 - 19,3192,959,4151
16/03/2018,19 - 20,3130,950,4080
16/03/2018,20 - 21,3206,965,4171
16/03/2018,21 - 22,3295,979,4274
16/03/2018,22 - 23,3214,972,4186
16/03/2018,23 - 00,3200,972,4172
17/03/2018,00 - 01,3033,953,3986
17/03/2018,01 - 02,2773,945,3718
17/03/2018,02 - 03,2756,938,3694
17/03/2018,03 - 04,2938,933,3871
17/03/2018,04 - 05,2646,937,3583
17/03/2018,05 - 06,2725,937,3662
17/03/2018,06 - 07,2714,945,3659
17/03/2018,07 - 08,2859,964,3823
17/03/2018,08 - 09,2918,979,3897
17/03/2018,09 - 10,2779,974,3753
17/03/2018,10 - 11,2833,969,3802
17/03/2018,11 - 12,2779,972,3751
17/03/2018,12 - 13,2815,959,3774
17/03/2018,13 - 14,2712,939,3651
17/03/2018,14 - 15,2512,936,3448
17/03/2018,15 - 16,2871,928,3799
17/03/2018,16 - 17,2880,926,3806
17/03/2018,17 - 18,2892,945,3837
17/03/2018,18 - 19,2816,950,3766
17/03/2018,19 - 20,2699,948,3647
17/03/2018,20 - 21,2575,944,3519
17/03/2018,21 - 22,2181,947,3128
17/03/2018,22 - 23,2717,877,3594
17/03/2018,23 - 00,2299,752,3051
18/03/2018,00 - 01,2133,857,2990
18/03/2018,01 - 02,2135,696,2831
18/03/2018,02 - 03,2020,832,2852
18/03/2018,03 - 04,1775,826,2601
18/03/2018,04 - 05,1779,826,2605
18/03/2018,05 - 06,1789,811,2600
18/03/2018,06 - 07,1845,736,2581
18/03/2018,07 - 08,1628,675,2303
18/03/2018,08 - 09,1861,783,2644
18/03/2018,09 - 10,1665,765,2430
18/03/2018,10 - 11,1626,754,2380
18/03/2018,11 - 12,1552,739,2291
18/03/2018,12 - 13,1655,730,2385
18/03/2018,13 - 14,1604,727,2331
18/03/2018,14 - 15,1546,729,2275
18/03/2018,15 - 16,1446,717,2163
18/03/2018,16 - 17,1321,708,2029
18/03/2018,17 - 18,1160,675,1835
18/03/2018,18 - 19,954,633,1587
18/03/2018,19 - 20,834,587,1421
18/03/2018,20 - 21,706,515,1221
18/03/2018,21 - 22,528,421,949
18/03/2018,22 - 23,346,307,653
18/03/2018,23 - 00,220,204,424
19/03/2018,00 - 01,167,147,314
19/03/2018,01 - 02,135,99,234
19/03/2018,02 - 03,157,67,224
19/03/2018,03 - 04,197,38,235
19/03/2018,04 - 05,295,21,316
19/03/2018,05 - 06,420,12,432
19/03/2018,06 - 07,544,11,555
19/03/2018,07 - 08,628,12,640
19/03/2018,08 - 09,676,13,689
19/03/2018,09 - 10,795,21,816
19/03/2018,10 - 11,932,34,966
19/03/2018,11 - 12,1092,50,1142
19/03/2018,12 - 13,1197,77,1274
19/03/2018,13 - 14,1288,105,1393
19/03/2018,14 - 15,1367,137,1504
19/03/2018,15 - 16,1451,171,1622
19/03/2018,16 - 17,1807,185,1992
19/03/2018,17 - 18,1926,179,2105
19/03/2018,18 - 19,2003,225,2228
19/03/2018,19 - 20,2289,325,2614
19/03/2018,20 - 21,2183,352,2535
19/03/2018,21 - 22,1904,363,2267
19/03/2018,22 - 23,1958,341,2299
19/03/2018,23 - 00,2113,337,2450
20/03/2018,00 - 01,2166,340,2506
20/03/2018,01 - 02,2112,379,2491
20/03/2018,02 - 03,2187,425,2612
20/03/2018,03 - 04,2185,565,2750
20/03/2018,04 - 05,2232,690,2922
20/03/2018,05 - 06,2111,673,2784
20/03/2018,06 - 07,1937,647,2584
20/03/2018,07 - 08,1709,628,2337
20/03/2018,08 - 09,1650,589,2239
20/03/2018,09 - 10,1642,518,2160
20/03/2018,10 - 11,1517,404,1921
20/03/2018,11 - 12,1355,398,1753
20/03/2018,12 - 13,1123,387,1510
20/03/2018,13 - 14,889,344,1233
20/03/2018,14 - 15,699,341,1040
20/03/2018,15 - 16,588,371,959
20/03/2018,16 - 17,541,375,916
20/03/2018,17 - 18,510,279,789
20/03/2018,18 - 19,414,211,625
20/03/2018,19 - 20,327,152,479
20/03/2018,20 - 21,226,115,341
20/03/2018,21 - 22,213,85,298
20/03/2018,22 - 23,313,59,372
20/03/2018,23 - 00,345,35,380
21/03/2018,00 - 01,450,27,477
21/03/2018,01 - 02,523,22,545
21/03/2018,02 - 03,628,35,663
21/03/2018,03 - 04,739,44,783
21/03/2018,04 - 05,959,63,1022
21/03/2018,05 - 06,999,89,1088
21/03/2018,06 - 07,1163,134,1297
21/03/2018,07 - 08,1222,150,1372
21/03/2018,08 - 09,1082,155,1237
21/03/2018,09 - 10,1123,168,1291
21/03/2018,10 - 11,1365,219,1584
21/03/2018,11 - 12,1578,278,1856
21/03/2018,12 - 13,1782,444,2226
21/03/2018,13 - 14,2109,479,2588
21/03/2018,14 - 15,2139,519,2658
21/03/2018,15 - 16,2160,516,2676
21/03/2018,16 - 17,2150,572,2722
21/03/2018,17 - 18,2176,554,2730
21/03/2018,18 - 19,2418,531,2949
21/03/2018,19 - 20,2558,532,3090
21/03/2018,20 - 21,2670,529,3199
21/03/2018,21 - 22,2684,577,3261
21/03/2018,22 - 23,2604,609,3213
21/03/2018,23 - 00,2829,586,3415
22/03/2018,00 - 01,2465,634,3099
22/03/2018,01 - 02,2272,676,2948
22/03/2018,02 - 03,2063,657,2720
22/03/2018,03 - 04,1837,686,2523
22/03/2018,04 - 05,1622,663,2285
22/03/2018,05 - 06,1281,637,1918
22/03/2018,06 - 07,1026,601,1627
22/03/2018,07 - 08,813,550,1363
22/03/2018,08 - 09,692,533,1225
22/03/2018,09 - 10,581,440,1021
22/03/2018,10 - 11,426,326,752
22/03/2018,11 - 12,357,146,503
22/03/2018,12 - 13,292,81,373
22/03/2018,13 - 14,268,114,382
22/03/2018,14 - 15,196,109,305
22/03/2018,15 - 16,111,111,222
22/03/2018,16 - 17,83,101,184
22/03/2018,17 - 18,104,62,166
22/03/2018,18 - 19,110,47,157
22/03/2018,19 - 20,123,36,159
22/03/2018,20 - 21,68,24,92
22/03/2018,21 - 22,48,18,66
22/03/2018,22 - 23,50,17,67
22/03/2018,23 - 00,43,7,50
23/03/2018,00 - 01,59,6,65
23/03/2018,01 - 02,55,7,62
23/03/2018,02 - 03,47,6,53
23/03/2018,03 - 04,61,6,67
23/03/2018,04 - 05,93,6,99
23/03/2018,05 - 06,151,7,158
23/03/2018,06 - 07,206,9,215
23/03/2018,07 - 08,277,11,288
23/03/2018,08 - 09,422,13,435
23/03/2018,09 - 10,579,15,594
23/03/2018,10 - 11,711,22,733
23/03/2018,11 - 12,845,31,876
23/03/2018,12 - 13,957,50,1007
23/03/2018,13 - 14,1046,56,1102
23/03/2018,14 - 15,1089,59,1148
23/03/2018,15 - 16,1139,65,1204
23/03/2018,16 - 17,1161,85,1246
23/03/2018,17 - 18,1298,118,1416
23/03/2018,18 - 19,1272,151,1423
23/03/2018,19 - 20,1303,168,1471
23/03/2018,20 - 21,1389,197,1586
23/03/2018,21 - 22,1419,196,1615
23/03/2018,22 - 23,1409,188,1597
23/03/2018,23 - 00,1307,178,1485
24/03/2018,00 - 01,1252,166,1418
24/03/2018,01 - 02,1129,148,1277
24/03/2018,02 - 03,980,160,1140
24/03/2018,03 - 04,880,154,1034
24/03/2018,04 - 05,829,151,980
24/03/2018,05 - 06,808,137,945
24/03/2018,06 - 07,731,145,876
24/03/2018,07 - 08,654,151,805
24/03/2018,08 - 09,593,148,741
24/03/2018,09 - 10,546,130,676
24/03/2018,10 - 11,536,139,675
24/03/2018,11 - 12,563,127,690
24/03/2018,12 - 13,516,118,634
24/03/2018,13 - 14,445,102,547
24/03/2018,14 - 15,406,69,475
24/03/2018,15 - 16,395,46,441
24/03/2018,16 - 17,343,44,387
24/03/2018,17 - 18,317,32,349
24/03/2018,18 - 19,314,28,342
24/03/2018,19 - 20,305,24,329
24/03/2018,20 - 21,308,24,332
24/03/2018,21 - 22,243,40,283
24/03/2018,22 - 23,244,85,329
24/03/2018,23 - 00,230,107,337
25/03/2018,00 - 01,222,152,374
25/03/2018,01 - 02,190,134,324
25/03/2018,02 - 03,,,0
25/03/2018,03 - 04,132,92,224
25/03/2018,04 - 05,114,62,176
25/03/2018,05 - 06,112,43,155
25/03/2018,06 - 07,102,33,135
25/03/2018,07 - 08,101,27,128
25/03/2018,08 - 09,78,13,91
25/03/2018,09 - 10,60,14,74
25/03/2018,10 - 11,52,30,82
25/03/2018,11 - 12,62,24,86
25/03/2018,12 - 13,72,24,96
25/03/2018,13 - 14,71,26,97
25/03/2018,14 - 15,61,21,82
25/03/2018,15 - 16,47,18,65
25/03/2018,16 - 17,56,17,73
25/03/2018,17 - 18,80,20,100
25/03/2018,18 - 19,115,20,135
25/03/2018,19 - 20,142,18,160
25/03/2018,20 - 21,175,23,198
25/03/2018,21 - 22,197,37,234
25/03/2018,22 - 23,302,52,354
25/03/2018,23 - 00,334,70,404
26/03/2018,00 - 01,346,74,420
26/03/2018,01 - 02,347,85,432
26/03/2018,02 - 03,394,115,509
26/03/2018,03 - 04,410,98,508
26/03/2018,04 - 05,371,115,486
26/03/2018,05 - 06,354,92,446
26/03/2018,06 - 07,356,91,447
26/03/2018,07 - 08,390,96,486
26/03/2018,08 - 09,329,88,417
26/03/2018,09 - 10,303,79,382
26/03/2018,10 - 11,418,59,477
26/03/2018,11 - 12,452,45,497
26/03/2018,12 - 13,415,33,448
26/03/2018,13 - 14,462,50,512
26/03/2018,14 - 15,516,59,575
26/03/2018,15 - 16,552,59,611
26/03/2018,16 - 17,544,36,580
26/03/2018,17 - 18,545,27,572
26/03/2018,18 - 19,526,43,569
26/03/2018,19 - 20,408,60,468
26/03/2018,20 - 21,304,70,374
26/03/2018,21 - 22,238,79,317
26/03/2018,22 - 23,202,79,281
26/03/2018,23 - 00,155,94,249
27/03/2018,00 - 01,115,107,222
27/03/2018,01 - 02,92,115,207
27/03/2018,02 - 03,77,87,164
27/03/2018,03 - 04,71,93,164
27/03/2018,04 - 05,79,73,152
27/03/2018,05 - 06,95,61,156
27/03/2018,06 - 07,137,51,188
27/03/2018,07 - 08,158,39,197
27/03/2018,08 - 09,153,23,176
27/03/2018,09 - 10,176,17,193
27/03/2018,10 - 11,246,21,267
27/03/2018,11 - 12,396,25,421
27/03/2018,12 - 13,497,18,515
27/03/2018,13 - 14,764,13,777
27/03/2018,14 - 15,936,12,948
27/03/2018,15 - 16,998,11,1009
27/03/2018,16 - 17,1147,13,1160
27/03/2018,17 - 18,1266,20,1286
27/03/2018,18 - 19,1417,35,1452
27/03/2018,19 - 20,1658,64,1722
27/03/2018,20 - 21,1856,104,1960
27/03/2018,21 - 22,1953,167,2120
27/03/2018,22 - 23,2028,209,2237
27/03/2018,23 - 00,2150,253,2403
28/03/2018,00 - 01,2254,322,2576
28/03/2018,01 - 02,2370,448,2818
28/03/2018,02 - 03,2609,606,3215
28/03/2018,03 - 04,2791,671,3462
28/03/2018,04 - 05,2925,730,3655
28/03/2018,05 - 06,3004,746,3750
28/03/2018,06 - 07,3094,767,3861
28/03/2018,07 - 08,2937,758,3695
28/03/2018,08 - 09,2810,722,3532
28/03/2018,09 - 10,3021,770,3791
28/03/2018,10 - 11,3077,795,3872
28/03/2018,11 - 12,3216,812,4028
28/03/2018,12 - 13,3329,829,4158
28/03/2018,13 - 14,3309,864,4173
28/03/2018,14 - 15,3440,877,4317
28/03/2018,15 - 16,3507,903,4410
28/03/2018,16 - 17,3498,901,4399
28/03/2018,17 - 18,3362,905,4267
28/03/2018,18 - 19,3443,912,4355
28/03/2018,19 - 20,3416,910,4326
28/03/2018,20 - 21,3476,891,4367
28/03/2018,21 - 22,3452,898,4350
28/03/2018,22 - 23,3387,893,4280
28/03/2018,23 - 00,3151,883,4034
29/03/2018,00 - 01,3099,852,3951
29/03/2018,01 - 02,3140,839,3979
29/03/2018,02 - 03,3065,849,3914
29/03/2018,03 - 04,2864,862,3726
29/03/2018,04 - 05,2714,849,3563
29/03/2018,05 - 06,2528,843,3371
29/03/2018,06 - 07,2394,833,3227
29/03/2018,07 - 08,2322,834,3156
29/03/2018,08 - 09,2393,805,3198
29/03/2018,09 - 10,2473,775,3248
29/03/2018,10 - 11,2520,742,3262
29/03/2018,11 - 12,2487,632,3119
29/03/2018,12 - 13,2446,488,2934
29/03/2018,13 - 14,2291,385,2676
29/03/2018,14 - 15,2184,327,2511
29/03/2018,15 - 16,1959,313,2272
29/03/2018,16 - 17,1749,311,2060
29/03/2018,17 - 18,1567,314,1881
29/03/2018,18 - 19,1309,318,1627
29/03/2018,19 - 20,1157,275,1432
29/03/2018,20 - 21,917,291,1208
29/03/2018,21 - 22,730,270,1000
29/03/2018,22 - 23,576,233,809
29/03/2018,23 - 00,539,187,726
30/03/2018,00 - 01,470,155,625
30/03/2018,01 - 02,375,116,491
30/03/2018,02 - 03,313,95,408
30/03/2018,03 - 04,358,80,438
30/03/2018,04 - 05,376,62,438
30/03/2018,05 - 06,406,50,456
30/03/2018,06 - 07,432,37,469
30/03/2018,07 - 08,445,30,475
30/03/2018,08 - 09,409,26,435
30/03/2018,09 - 10,342,25,367
30/03/2018,10 - 11,382,16,398
30/03/2018,11 - 12,490,11,501
30/03/2018,12 - 13,631,10,641
30/03/2018,13 - 14,757,15,772
30/03/2018,14 - 15,793,42,835
30/03/2018,15 - 16,824,80,904
30/03/2018,16 - 17,921,132,1053
30/03/2018,17 - 18,1071,221,1292
30/03/2018,18 - 19,1273,311,1584
30/03/2018,19 - 20,1256,384,1640
30/03/2018,20 - 21,1208,444,1652
30/03/2018,21 - 22,1204,498,1702
30/03/2018,22 - 23,1296,532,1828
30/03/2018,23 - 00,1398,533,1931
31/03/2018,00 - 01,1423,546,1969
31/03/2018,01 - 02,1389,546,1935
31/03/2018,02 - 03,1344,581,1925
31/03/2018,03 - 04,1378,603,1981
31/03/2018,04 - 05,1455,622,2077
31/03/2018,05 - 06,1600,645,2245
31/03/2018,06 - 07,1738,638,2376
31/03/2018,07 - 08,1852,666,2518
31/03/2018,08 - 09,1969,666,2635
31/03/2018,09 - 10,2241,660,2901
31/03/2018,10 - 11,2555,674,3229
31/03/2018,11 - 12,2373,654,3027
31/03/2018,12 - 13,2142,672,2814
31/03/2018,13 - 14,1967,637,2604
31/03/2018,14 - 15,1702,639,2341
31/03/2018,15 - 16,1535,671,2206
31/03/2018,16 - 17,1381,672,2053
31/03/2018,17 - 18,1196,625,1821
31/03/2018,18 - 19,1072,644,1716
31/03/2018,19 - 20,849,609,1458
31/03/2018,20 - 21,660,541,1201
31/03/2018,21 - 22,544,484,1028
31/03/2018,22 - 23,491,419,910
31/03/2018,23 - 00,391,342,733
01/04/2018,00 - 01,364,299,663
01/04/2018,01 - 02,355,261,616
01/04/2018,02 - 03,369,277,646
01/04/2018,03 - 04,368,307,675
01/04/2018,04 - 05,377,338,715
01/04/2018,05 - 06,369,334,703
01/04/2018,06 - 07,472,320,792
01/04/2018,07 - 08,624,305,929
01/04/2018,08 - 09,672,291,963
01/04/2018,09 - 10,769,289,1058
01/04/2018,10 - 11,1090,296,1386
01/04/2018,11 - 12,1455,289,1744
01/04/2018,12 - 13,1575,320,1895
01/04/2018,13 - 14,1608,408,2016
01/04/2018,14 - 15,1614,478,2092
01/04/2018,15 - 16,1611,530,2141
01/04/2018,16 - 17,1589,466,2055
01/04/2018,17 - 18,1509,411,1920
01/04/2018,18 - 19,1385,374,1759
01/04/2018,19 - 20,1060,355,1415
01/04/2018,20 - 21,858,272,1130
01/04/2018,21 - 22,760,286,1046
01/04/2018,22 - 23,686,311,997
01/04/2018,23 - 00,592,342,934
02/04/2018,00 - 01,568,307,875
02/04/2018,01 - 02,553,297,850
02/04/2018,02 - 03,645,268,913
02/04/2018,03 - 04,678,246,924
02/04/2018,04 - 05,605,203,808
02/04/2018,05 - 06,561,200,761
02/04/2018,06 - 07,527,163,690
02/04/2018,07 - 08,496,179,675
02/04/2018,08 - 09,380,166,546
02/04/2018,09 - 10,330,167,497
02/04/2018,10 - 11,367,149,516
02/04/2018,11 - 12,321,167,488
02/04/2018,12 - 13,248,194,442
02/04/2018,13 - 14,185,212,397
02/04/2018,14 - 15,121,191,312
02/04/2018,15 - 16,86,141,227
02/04/2018,16 - 17,62,79,141
02/04/2018,17 - 18,41,50,91
02/04/2018,18 - 19,44,37,81
02/04/2018,19 - 20,73,40,113
02/04/2018,20 - 21,162,63,225
02/04/2018,21 - 22,221,104,325
02/04/2018,22 - 23,348,187,535
02/04/2018,23 - 00,505,187,692
03/04/2018,00 - 01,728,232,960
03/04/2018,01 - 02,1035,301,1336
03/04/2018,02 - 03,1334,391,1725
03/04/2018,03 - 04,1701,500,2201
03/04/2018,04 - 05,1993,558,2551
03/04/2018,05 - 06,2253,491,2744
03/04/2018,06 - 07,2361,420,2781
03/04/2018,07 - 08,2418,366,2784
03/04/2018,08 - 09,2327,279,2606
03/04/2018,09 - 10,2126,303,2429
03/04/2018,10 - 11,1839,293,2132
03/04/2018,11 - 12,1665,255,1920
03/04/2018,12 - 13,1551,285,1836
03/04/2018,13 - 14,1475,310,1785
03/04/2018,14 - 15,1551,227,1778
03/04/2018,15 - 16,1548,161,1709
03/04/2018,16 - 17,1555,112,1667
03/04/2018,17 - 18,1677,79,1756
03/04/2018,18 - 19,1760,136,1896
03/04/2018,19 - 20,1774,159,1933
03/04/2018,20 - 21,1587,209,1796
03/04/2018,21 - 22,1515,205,1720
03/04/2018,22 - 23,1555,246,1801
03/04/2018,23 - 00,1529,328,1857
04/04/2018,00 - 01,1429,370,1799
04/04/2018,01 - 02,1295,405,1700
04/04/2018,02 - 03,1193,428,1621
04/04/2018,03 - 04,1139,529,1668
04/04/2018,04 - 05,1215,618,1833
04/04/2018,05 - 06,1394,611,2005
04/04/2018,06 - 07,1413,637,2050
04/04/2018,07 - 08,1549,644,2193
04/04/2018,08 - 09,1619,654,2273
04/04/2018,09 - 10,1363,584,1947
04/04/2018,10 - 11,1221,425,1646
04/04/2018,11 - 12,1083,329,1412
04/04/2018,12 - 13,788,285,1073
04/04/2018,13 - 14,616,166,782
04/04/2018,14 - 15,477,69,546
04/04/2018,15 - 16,523,28,551
04/04/2018,16 - 17,534,25,559
04/04/2018,17 - 18,604,29,633
04/04/2018,18 - 19,640,70,710
04/04/2018,19 - 20,455,182,637
04/04/2018,20 - 21,461,283,744
04/04/2018,21 - 22,517,459,976
04/04/2018,22 - 23,586,505,1091
04/04/2018,23 - 00,744,526,1270
05/04/2018,00 - 01,875,341,1216
05/04/2018,01 - 02,877,364,1241
05/04/2018,02 - 03,826,556,1382
05/04/2018,03 - 04,944,595,1539
05/04/2018,04 - 05,981,515,1496
05/04/2018,05 - 06,1171,468,1639
05/04/2018,06 - 07,1153,389,1542
05/04/2018,07 - 08,1168,283,1451
05/04/2018,08 - 09,1010,179,1189
05/04/2018,09 - 10,987,233,1220
05/04/2018,10 - 11,1033,314,1347
05/04/2018,11 - 12,1065,356,1421
05/04/2018,12 - 13,1219,500,1719
05/04/2018,13 - 14,1559,536,2095
05/04/2018,14 - 15,2270,540,2810
05/04/2018,15 - 16,2912,578,3490
05/04/2018,16 - 17,3360,789,4149
05/04/2018,17 - 18,3611,794,4405
05/04/2018,18 - 19,3575,845,4420
05/04/2018,19 - 20,3503,817,4320
05/04/2018,20 - 21,3426,838,4264
05/04/2018,21 - 22,3273,837,4110
05/04/2018,22 - 23,3146,799,3945
05/04/2018,23 - 00,3111,755,3866
06/04/2018,00 - 01,3074,765,3839
06/04/2018,01 - 02,3030,795,3825
06/04/2018,02 - 03,3040,790,3830
06/04/2018,03 - 04,2985,810,3795
06/04/2018,04 - 05,2901,804,3705
06/04/2018,05 - 06,2761,802,3563
06/04/2018,06 - 07,2490,798,3288
06/04/2018,07 - 08,2169,782,2951
06/04/2018,08 - 09,1823,743,2566
06/04/2018,09 - 10,1718,695,2413
06/04/2018,10 - 11,1728,591,2319
06/04/2018,11 - 12,1598,551,2149
06/04/2018,12 - 13,1432,470,1902
06/04/2018,13 - 14,1222,382,1604
06/04/2018,14 - 15,941,270,1211
06/04/2018,15 - 16,634,163,797
06/04/2018,16 - 17,324,86,410
06/04/2018,17 - 18,164,45,209
06/04/2018,18 - 19,122,25,147
06/04/2018,19 - 20,160,24,184
06/04/2018,20 - 21,370,39,409
06/04/2018,21 - 22,749,80,829
06/04/2018,22 - 23,1142,163,1305
06/04/2018,23 - 00,1557,306,1863
07/04/2018,00 - 01,1835,477,2312
07/04/2018,01 - 02,2138,548,2686
07/04/2018,02 - 03,2228,557,2785
07/04/2018,03 - 04,2218,587,2805
07/04/2018,04 - 05,2414,637,3051
07/04/2018,05 - 06,2550,668,3218
07/04/2018,06 - 07,2540,673,3213
07/04/2018,07 - 08,2519,701,3220
07/04/2018,08 - 09,2465,729,3194
07/04/2018,09 - 10,2315,744,3059
07/04/2018,10 - 11,2063,710,2773
07/04/2018,11 - 12,1796,650,2446
07/04/2018,12 - 13,1672,628,2300
07/04/2018,13 - 14,1488,606,2094
07/04/2018,14 - 15,1292,548,1840
07/04/2018,15 - 16,992,497,1489
07/04/2018,16 - 17,804,389,1193
07/04/2018,17 - 18,695,259,954
07/04/2018,18 - 19,778,211,989
07/04/2018,19 - 20,776,188,964
07/04/2018,20 - 21,863,182,1045
07/04/2018,21 - 22,897,203,1100
07/04/2018,22 - 23,783,250,1033
07/04/2018,23 - 00,775,257,1032
08/04/2018,00 - 01,666,288,954
08/04/2018,01 - 02,660,294,954
08/04/2018,02 - 03,587,282,869
08/04/2018,03 - 04,498,305,803
08/04/2018,04 - 05,427,318,745
08/04/2018,05 - 06,403,297,700
08/04/2018,06 - 07,399,219,618
08/04/2018,07 - 08,326,177,503
08/04/2018,08 - 09,206,184,390
08/04/2018,09 - 10,131,192,323
08/04/2018,10 - 11,85,189,274
08/04/2018,11 - 12,100,164,264
08/04/2018,12 - 13,115,159,274
08/04/2018,13 - 14,90,150,240
08/04/2018,14 - 15,90,137,227
08/04/2018,15 - 16,81,117,198
08/04/2018,16 - 17,156,112,268
08/04/2018,17 - 18,210,118,328
08/04/2018,18 - 19,182,152,334
08/04/2018,19 - 20,156,194,350
08/04/2018,20 - 21,174,223,397
08/04/2018,21 - 22,170,257,427
08/04/2018,22 - 23,141,254,395
08/04/2018,23 - 00,105,229,334
09/04/2018,00 - 01,128,216,344
09/04/2018,01 - 02,247,175,422
09/04/2018,02 - 03,319,146,465
09/04/2018,03 - 04,313,107,420
09/04/2018,04 - 05,278,87,365
09/04/2018,05 - 06,279,82,361
09/04/2018,06 - 07,251,71,322
09/04/2018,07 - 08,249,69,318
09/04/2018,08 - 09,230,76,306
09/04/2018,09 - 10,224,76,300
09/04/2018,10 - 11,248,73,321
09/04/2018,11 - 12,278,47,325
09/04/2018,12 - 13,281,28,309
09/04/2018,13 - 14,354,20,374
09/04/2018,14 - 15,405,25,430
09/04/2018,15 - 16,427,34,461
09/04/2018,16 - 17,424,25,449
09/04/2018,17 - 18,417,42,459
09/04/2018,18 - 19,464,71,535
09/04/2018,19 - 20,526,90,616
09/04/2018,20 - 21,584,122,706
09/04/2018,21 - 22,730,169,899
09/04/2018,22 - 23,821,230,1051
09/04/2018,23 - 00,1029,309,1338
10/04/2018,00 - 01,1312,368,1680
10/04/2018,01 - 02,1452,340,1792
10/04/2018,02 - 03,1669,309,1978
10/04/2018,03 - 04,1925,348,2273
10/04/2018,04 - 05,2198,352,2550
10/04/2018,05 - 06,2488,364,2852
10/04/2018,06 - 07,2679,463,3142
10/04/2018,07 - 08,2749,603,3352
10/04/2018,08 - 09,2367,632,2999
10/04/2018,09 - 10,2416,731,3147
10/04/2018,10 - 11,2428,762,3190
10/04/2018,11 - 12,2518,774,3292
10/04/2018,12 - 13,2643,804,3447
10/04/2018,13 - 14,2723,816,3539
10/04/2018,14 - 15,2582,813,3395
10/04/2018,15 - 16,2603,828,3431
10/04/2018,16 - 17,2919,860,3779
10/04/2018,17 - 18,3143,859,4002
10/04/2018,18 - 19,3079,848,3927
10/04/2018,19 - 20,2909,834,3743
10/04/2018,20 - 21,2873,833,3706
10/04/2018,21 - 22,2924,842,3766
10/04/2018,22 - 23,2838,840,3678
10/04/2018,23 - 00,2767,832,3599
11/04/2018,00 - 01,2898,832,3730
11/04/2018,01 - 02,2915,827,3742
11/04/2018,02 - 03,3038,813,3851
11/04/2018,03 - 04,2923,791,3714
11/04/2018,04 - 05,2946,789,3735
11/04/2018,05 - 06,2942,767,3709
11/04/2018,06 - 07,2945,758,3703
11/04/2018,07 - 08,2929,758,3687
11/04/2018,08 - 09,2945,773,3718
11/04/2018,09 - 10,2911,786,3697
11/04/2018,10 - 11,2744,780,3524
11/04/2018,11 - 12,2662,777,3439
11/04/2018,12 - 13,2586,766,3352
11/04/2018,13 - 14,2576,776,3352
11/04/2018,14 - 15,2669,779,3448
11/04/2018,15 - 16,2778,779,3557
11/04/2018,16 - 17,2818,793,3611
11/04/2018,17 - 18,2756,802,3558
11/04/2018,18 - 19,2606,819,3425
11/04/2018,19 - 20,2347,789,3136
11/04/2018,20 - 21,2280,755,3035
11/04/2018,21 - 22,2354,783,3137
11/04/2018,22 - 23,2299,758,3057
11/04/2018,23 - 00,2269,744,3013
12/04/2018,00 - 01,2323,738,3061
12/04/2018,01 - 02,2379,734,3113
12/04/2018,02 - 03,2456,722,3178
12/04/2018,03 - 04,2570,698,3268
12/04/2018,04 - 05,2656,674,3330
12/04/2018,05 - 06,2665,689,3354
12/04/2018,06 - 07,2699,731,3430
12/04/2018,07 - 08,2766,740,3506
12/04/2018,08 - 09,2838,758,3596
12/04/2018,09 - 10,2910,766,3676
12/04/2018,10 - 11,2953,760,3713
12/04/2018,11 - 12,3053,826,3879
12/04/2018,12 - 13,3185,861,4046
12/04/2018,13 - 14,3203,879,4082
12/04/2018,14 - 15,3249,884,4133
12/04/2018,15 - 16,3309,877,4186
12/04/2018,16 - 17,3343,877,4220
12/04/2018,17 - 18,3287,877,4164
12/04/2018,18 - 19,3270,875,4145
12/04/2018,19 - 20,3153,880,4033
12/04/2018,20 - 21,3148,875,4023
12/04/2018,21 - 22,3187,879,4066
12/04/2018,22 - 23,3216,875,4091
12/04/2018,23 - 00,3244,873,4117
13/04/2018,00 - 01,3208,856,4064
13/04/2018,01 - 02,3182,844,4026
13/04/2018,02 - 03,3133,831,3964
13/04/2018,03 - 04,3117,824,3941
13/04/2018,04 - 05,3110,835,3945
13/04/2018,05 - 06,3132,825,3957
13/04/2018,06 - 07,3037,820,3857
13/04/2018,07 - 08,3040,825,3865
13/04/2018,08 - 09,3035,820,3855
13/04/2018,09 - 10,2946,843,3789
13/04/2018,10 - 11,2852,831,3683
13/04/2018,11 - 12,2822,831,3653
13/04/2018,12 - 13,2682,832,3514
13/04/2018,13 - 14,2473,813,3286
13/04/2018,14 - 15,2328,812,3140
13/04/2018,15 - 16,2240,800,3040
13/04/2018,16 - 17,2022,783,2805
13/04/2018,17 - 18,1825,794,2619
13/04/2018,18 - 19,1607,779,2386
13/04/2018,19 - 20,1471,738,2209
13/04/2018,20 - 21,1498,723,2221
13/04/2018,21 - 22,1576,677,2253
13/04/2018,22 - 23,1504,606,2110
13/04/2018,23 - 00,1367,555,1922
14/04/2018,00 - 01,1271,428,1699
14/04/2018,01 - 02,1179,351,1530
14/04/2018,02 - 03,1166,292,1458
14/04/2018,03 - 04,1209,306,1515
14/04/2018,04 - 05,1123,246,1369
14/04/2018,05 - 06,1114,163,1277
14/04/2018,06 - 07,1020,173,1193
14/04/2018,07 - 08,1028,105,1133
14/04/2018,08 - 09,947,61,1008
14/04/2018,09 - 10,913,76,989
14/04/2018,10 - 11,849,96,945
14/04/2018,11 - 12,717,112,829
14/04/2018,12 - 13,666,105,771
14/04/2018,13 - 14,561,132,693
14/04/2018,14 - 15,456,143,599
14/04/2018,15 - 16,346,162,508
14/04/2018,16 - 17,264,196,460
14/04/2018,17 - 18,229,198,427
14/04/2018,18 - 19,199,213,412
14/04/2018,19 - 20,160,265,425
14/04/2018,20 - 21,135,237,372
14/04/2018,21 - 22,97,245,342
14/04/2018,22 - 23,102,242,344
14/04/2018,23 - 00,100,344,444
15/04/2018,00 - 01,100,342,442
15/04/2018,01 - 02,85,335,420
15/04/2018,02 - 03,85,354,439
15/04/2018,03 - 04,82,374,456
15/04/2018,04 - 05,49,252,301
15/04/2018,05 - 06,37,279,316
15/04/2018,06 - 07,37,237,274
15/04/2018,07 - 08,40,168,208
15/04/2018,08 - 09,87,127,214
15/04/2018,09 - 10,59,66,125
15/04/2018,10 - 11,72,43,115
15/04/2018,11 - 12,60,27,87
15/04/2018,12 - 13,90,13,103
15/04/2018,13 - 14,63,9,72
15/04/2018,14 - 15,65,10,75
15/04/2018,15 - 16,50,30,80
15/04/2018,16 - 17,113,31,144
15/04/2018,17 - 18,159,46,205
15/04/2018,18 - 19,93,79,172
15/04/2018,19 - 20,49,84,133
15/04/2018,20 - 21,44,93,137
15/04/2018,21 - 22,85,61,146
15/04/2018,22 - 23,103,42,145
15/04/2018,23 - 00,105,17,122
16/04/2018,00 - 01,121,13,134
16/04/2018,01 - 02,105,17,122
16/04/2018,02 - 03,150,21,171
16/04/2018,03 - 04,196,23,219
16/04/2018,04 - 05,171,39,210
16/04/2018,05 - 06,187,67,254
16/04/2018,06 - 07,169,77,246
16/04/2018,07 - 08,227,61,288
16/04/2018,08 - 09,214,44,258
16/04/2018,09 - 10,239,44,283
16/04/2018,10 - 11,205,26,231
16/04/2018,11 - 12,162,14,176
16/04/2018,12 - 13,113,17,130
16/04/2018,13 - 14,144,15,159
16/04/2018,14 - 15,134,10,144
16/04/2018,15 - 16,122,6,128
16/04/2018,16 - 17,166,7,173
16/04/2018,17 - 18,157,16,173
16/04/2018,18 - 19,196,10,206
16/04/2018,19 - 20,158,11,169
16/04/2018,20 - 21,162,11,173
16/04/2018,21 - 22,171,18,189
16/04/2018,22 - 23,194,25,219
16/04/2018,23 - 00,233,47,280
17/04/2018,00 - 01,234,74,308
17/04/2018,01 - 02,252,101,353
17/04/2018,02 - 03,232,158,390
17/04/2018,03 - 04,207,135,342
17/04/2018,04 - 05,227,114,341
17/04/2018,05 - 06,240,81,321
17/04/2018,06 - 07,254,75,329
17/04/2018,07 - 08,282,64,346
17/04/2018,08 - 09,303,58,361
17/04/2018,09 - 10,321,40,361
17/04/2018,10 - 11,386,43,429
17/04/2018,11 - 12,465,41,506
17/04/2018,12 - 13,555,53,608
17/04/2018,13 - 14,703,41,744
17/04/2018,14 - 15,807,51,858
17/04/2018,15 - 16,884,45,929
17/04/2018,16 - 17,824,39,863
17/04/2018,17 - 18,695,38,733
17/04/2018,18 - 19,673,26,699
17/04/2018,19 - 20,742,20,762
17/04/2018,20 - 21,890,23,913
17/04/2018,21 - 22,1077,34,1111
17/04/2018,22 - 23,1331,52,1383
17/04/2018,23 - 00,1532,67,1599
18/04/2018,00 - 01,1696,109,1805
18/04/2018,01 - 02,1884,172,2056
18/04/2018,02 - 03,2008,234,2242
18/04/2018,03 - 04,2012,286,2298
18/04/2018,04 - 05,1803,281,2084
18/04/2018,05 - 06,1513,330,1843
18/04/2018,06 - 07,1248,334,1582
18/04/2018,07 - 08,935,318,1253
18/04/2018,08 - 09,673,272,945
18/04/2018,09 - 10,543,175,718
18/04/2018,10 - 11,445,132,577
18/04/2018,11 - 12,489,134,623
18/04/2018,12 - 13,717,129,846
18/04/2018,13 - 14,840,141,981
18/04/2018,14 - 15,908,170,1078
18/04/2018,15 - 16,867,201,1068
18/04/2018,16 - 17,826,214,1040
18/04/2018,17 - 18,664,231,895
18/04/2018,18 - 19,470,213,683
18/04/2018,19 - 20,347,121,468
18/04/2018,20 - 21,279,65,344
18/04/2018,21 - 22,269,40,309
18/04/2018,22 - 23,215,30,245
18/04/2018,23 - 00,160,29,189
19/04/2018,00 - 01,147,20,167
19/04/2018,01 - 02,128,15,143
19/04/2018,02 - 03,99,12,111
19/04/2018,03 - 04,109,9,118
19/04/2018,04 - 05,107,7,114
19/04/2018,05 - 06,127,5,132
19/04/2018,06 - 07,189,6,195
19/04/2018,07 - 08,221,5,226
19/04/2018,08 - 09,231,8,239
19/04/2018,09 - 10,241,9,250
19/04/2018,10 - 11,361,9,370
19/04/2018,11 - 12,445,11,456
19/04/2018,12 - 13,461,12,473
19/04/2018,13 - 14,494,12,506
19/04/2018,14 - 15,521,15,536
19/04/2018,15 - 16,533,17,550
19/04/2018,16 - 17,551,20,571
19/04/2018,17 - 18,584,22,606
19/04/2018,18 - 19,616,28,644
19/04/2018,19 - 20,592,57,649
19/04/2018,20 - 21,656,104,760
19/04/2018,21 - 22,930,155,1085
19/04/2018,22 - 23,1080,245,1325
19/04/2018,23 - 00,1180,278,1458
20/04/2018,00 - 01,1149,264,1413
20/04/2018,01 - 02,1124,236,1360
20/04/2018,02 - 03,1168,212,1380
20/04/2018,03 - 04,1202,207,1409
20/04/2018,04 - 05,1219,219,1438
20/04/2018,05 - 06,1156,224,1380
20/04/2018,06 - 07,1116,264,1380
20/04/2018,07 - 08,1055,302,1357
20/04/2018,08 - 09,924,321,1245
20/04/2018,09 - 10,749,336,1085
20/04/2018,10 - 11,770,331,1101
20/04/2018,11 - 12,784,317,1101
20/04/2018,12 - 13,751,310,1061
20/04/2018,13 - 14,761,348,1109
20/04/2018,14 - 15,944,401,1345
20/04/2018,15 - 16,1225,511,1736
20/04/2018,16 - 17,1499,477,1976
20/04/2018,17 - 18,1601,588,2189
20/04/2018,18 - 19,1223,701,1924
20/04/2018,19 - 20,972,688,1660
20/04/2018,20 - 21,1249,658,1907
20/04/2018,21 - 22,1346,580,1926
20/04/2018,22 - 23,1336,490,1826
20/04/2018,23 - 00,1266,420,1686
21/04/2018,00 - 01,1209,369,1578
21/04/2018,01 - 02,1130,391,1521
21/04/2018,02 - 03,1136,384,1520
21/04/2018,03 - 04,1162,277,1439
21/04/2018,04 - 05,1208,218,1426
21/04/2018,05 - 06,1193,179,1372
21/04/2018,06 - 07,1199,153,1352
21/04/2018,07 - 08,1051,151,1202
21/04/2018,08 - 09,971,153,1124
21/04/2018,09 - 10,1021,144,1165
21/04/2018,10 - 11,1080,163,1243
21/04/2018,11 - 12,1136,181,1317
21/04/2018,12 - 13,1317,204,1521
21/04/2018,13 - 14,1380,222,1602
21/04/2018,14 - 15,1367,232,1599
21/04/2018,15 - 16,1368,230,1598
21/04/2018,16 - 17,1390,198,1588
21/04/2018,17 - 18,1233,169,1402
21/04/2018,18 - 19,1111,123,1234
21/04/2018,19 - 20,889,75,964
21/04/2018,20 - 21,677,82,759
21/04/2018,21 - 22,646,82,728
21/04/2018,22 - 23,651,81,732
21/04/2018,23 - 00,559,80,639
22/04/2018,00 - 01,481,71,552
22/04/2018,01 - 02,453,72,525
22/04/2018,02 - 03,399,49,448
22/04/2018,03 - 04,347,27,374
22/04/2018,04 - 05,227,11,238
22/04/2018,05 - 06,179,5,184
22/04/2018,06 - 07,121,3,124
22/04/2018,07 - 08,43,3,46
22/04/2018,08 - 09,33,2,35
22/04/2018,09 - 10,56,3,59
22/04/2018,10 - 11,71,3,74
22/04/2018,11 - 12,89,3,92
22/04/2018,12 - 13,154,4,158
22/04/2018,13 - 14,188,9,197
22/04/2018,14 - 15,293,14,307
22/04/2018,15 - 16,364,24,388
22/04/2018,16 - 17,407,65,472
22/04/2018,17 - 18,455,124,579
22/04/2018,18 - 19,620,180,800
22/04/2018,19 - 20,887,208,1095
22/04/2018,20 - 21,1026,260,1286
22/04/2018,21 - 22,1237,362,1599
22/04/2018,22 - 23,1508,471,1979
22/04/2018,23 - 00,1787,519,2306
23/04/2018,00 - 01,1873,538,2411
23/04/2018,01 - 02,1876,335,2211
23/04/2018,02 - 03,1512,192,1704
23/04/2018,03 - 04,1229,94,1323
23/04/2018,04 - 05,1111,197,1308
23/04/2018,05 - 06,1159,404,1563
23/04/2018,06 - 07,1412,540,1952
23/04/2018,07 - 08,1605,469,2074
23/04/2018,08 - 09,1411,402,1813
23/04/2018,09 - 10,1549,468,2017
23/04/2018,10 - 11,1716,537,2253
23/04/2018,11 - 12,2254,598,2852
23/04/2018,12 - 13,2557,596,3153
23/04/2018,13 - 14,2728,548,3276
23/04/2018,14 - 15,2848,682,3530
23/04/2018,15 - 16,2911,749,3660
23/04/2018,16 - 17,3063,786,3849
23/04/2018,17 - 18,3224,787,4011
23/04/2018,18 - 19,3100,755,3855
23/04/2018,19 - 20,2806,736,3542
23/04/2018,20 - 21,2545,653,3198
23/04/2018,21 - 22,2339,567,2906
23/04/2018,22 - 23,2207,557,2764
23/04/2018,23 - 00,1952,554,2506
24/04/2018,00 - 01,1706,512,2218
24/04/2018,01 - 02,1481,432,1913
24/04/2018,02 - 03,1402,410,1812
24/04/2018,03 - 04,1574,460,2034
24/04/2018,04 - 05,1588,483,2071
24/04/2018,05 - 06,1740,591,2331
24/04/2018,06 - 07,1796,618,2414
24/04/2018,07 - 08,2116,656,2772
24/04/2018,08 - 09,2481,716,3197
24/04/2018,09 - 10,2591,738,3329
24/04/2018,10 - 11,2933,795,3728
24/04/2018,11 - 12,3192,805,3997
24/04/2018,12 - 13,3404,801,4205
24/04/2018,13 - 14,3495,802,4297
24/04/2018,14 - 15,3534,852,4386
24/04/2018,15 - 16,3428,863,4291
24/04/2018,16 - 17,3314,839,4153
24/04/2018,17 - 18,3082,785,3867
24/04/2018,18 - 19,2788,754,3542
24/04/2018,19 - 20,2409,687,3096
24/04/2018,20 - 21,1978,633,2611
24/04/2018,21 - 22,1750,480,2230
24/04/2018,22 - 23,1646,445,2091
24/04/2018,23 - 00,1553,392,1945
25/04/2018,00 - 01,1374,259,1633
25/04/2018,01 - 02,1137,151,1288
25/04/2018,02 - 03,802,112,914
25/04/2018,03 - 04,515,87,602
25/04/2018,04 - 05,375,43,418
25/04/2018,05 - 06,296,59,355
25/04/2018,06 - 07,265,116,381
25/04/2018,07 - 08,248,194,442
25/04/2018,08 - 09,289,424,713
25/04/2018,09 - 10,389,408,797
25/04/2018,10 - 11,411,389,800
25/04/2018,11 - 12,605,341,946
25/04/2018,12 - 13,987,276,1263
25/04/2018,13 - 14,1355,291,1646
25/04/2018,14 - 15,1766,318,2084
25/04/2018,15 - 16,2076,339,2415
25/04/2018,16 - 17,2286,506,2792
25/04/2018,17 - 18,2060,644,2704
25/04/2018,18 - 19,2379,729,3108
25/04/2018,19 - 20,2102,674,2776
25/04/2018,20 - 21,1828,504,2332
25/04/2018,21 - 22,1624,382,2006
25/04/2018,22 - 23,1467,324,1791
25/04/2018,23 - 00,1337,409,1746
26/04/2018,00 - 01,1200,503,1703
26/04/2018,01 - 02,1009,515,1524
26/04/2018,02 - 03,910,503,1413
26/04/2018,03 - 04,820,425,1245
26/04/2018,04 - 05,794,306,1100
26/04/2018,05 - 06,758,248,1006
26/04/2018,06 - 07,709,279,988
26/04/2018,07 - 08,706,322,1028
26/04/2018,08 - 09,774,298,1072
26/04/2018,09 - 10,877,269,1146
26/04/2018,10 - 11,1017,250,1267
26/04/2018,11 - 12,1366,305,1671
26/04/2018,12 - 13,1799,319,2118
26/04/2018,13 - 14,2087,480,2567
26/04/2018,14 - 15,2309,411,2720
26/04/2018,15 - 16,2496,475,2971
26/04/2018,16 - 17,2591,629,3220
26/04/2018,17 - 18,2610,717,3327
26/04/2018,18 - 19,2530,694,3224
26/04/2018,19 - 20,2359,683,3042
26/04/2018,20 - 21,2152,678,2830
26/04/2018,21 - 22,2103,595,2698
26/04/2018,22 - 23,2068,565,2633
26/04/2018,23 - 00,2009,484,2493
27/04/2018,00 - 01,1950,432,2382
27/04/2018,01 - 02,1960,510,2470
27/04/2018,02 - 03,1798,566,2364
27/04/2018,03 - 04,1646,563,2209
27/04/2018,04 - 05,1596,592,2188
27/04/2018,05 - 06,1623,526,2149
27/04/2018,06 - 07,1495,493,1988
27/04/2018,07 - 08,1342,454,1796
27/04/2018,08 - 09,1358,468,1826
27/04/2018,09 - 10,1259,406,1665
27/04/2018,10 - 11,1167,359,1526
27/04/2018,11 - 12,1109,361,1470
27/04/2018,12 - 13,1035,354,1389
27/04/2018,13 - 14,944,287,1231
27/04/2018,14 - 15,938,231,1169
27/04/2018,15 - 16,922,174,1096
27/04/2018,16 - 17,768,114,882
27/04/2018,17 - 18,553,69,622
27/04/2018,18 - 19,331,36,367
27/04/2018,19 - 20,148,36,184
27/04/2018,20 - 21,83,50,133
27/04/2018,21 - 22,41,71,112
27/04/2018,22 - 23,34,46,80
27/04/2018,23 - 00,36,68,104
28/04/2018,00 - 01,26,103,129
28/04/2018,01 - 02,23,116,139
28/04/2018,02 - 03,28,115,143
28/04/2018,03 - 04,41,80,121
28/04/2018,04 - 05,67,40,107
28/04/2018,05 - 06,83,31,114
28/04/2018,06 - 07,102,33,135
28/04/2018,07 - 08,94,30,124
28/04/2018,08 - 09,126,19,145
28/04/2018,09 - 10,132,10,142
28/04/2018,10 - 11,128,10,138
28/04/2018,11 - 12,172,13,185
28/04/2018,12 - 13,234,39,273
28/04/2018,13 - 14,332,96,428
28/04/2018,14 - 15,435,159,594
28/04/2018,15 - 16,490,122,612
28/04/2018,16 - 17,579,99,678
28/04/2018,17 - 18,639,84,723
28/04/2018,18 - 19,666,79,745
28/04/2018,19 - 20,574,72,646
28/04/2018,20 - 21,470,55,525
28/04/2018,21 - 22,416,59,475
28/04/2018,22 - 23,379,66,445
28/04/2018,23 - 00,306,72,378
29/04/2018,00 - 01,292,84,376
29/04/2018,01 - 02,234,72,306
29/04/2018,02 - 03,222,69,291
29/04/2018,03 - 04,187,54,241
29/04/2018,04 - 05,149,31,180
29/04/2018,05 - 06,121,29,150
29/04/2018,06 - 07,103,16,119
29/04/2018,07 - 08,79,9,88
29/04/2018,08 - 09,49,6,55
29/04/2018,09 - 10,36,7,43
29/04/2018,10 - 11,36,6,42
29/04/2018,11 - 12,44,7,51
29/04/2018,12 - 13,47,8,55
29/04/2018,13 - 14,72,9,81
29/04/2018,14 - 15,110,19,129
29/04/2018,15 - 16,142,45,187
29/04/2018,16 - 17,128,64,192
29/04/2018,17 - 18,155,120,275
29/04/2018,18 - 19,210,180,390
29/04/2018,19 - 20,315,226,541
29/04/2018,20 - 21,362,277,639
29/04/2018,21 - 22,428,329,757
29/04/2018,22 - 23,467,423,890
29/04/2018,23 - 00,523,475,998
30/04/2018,00 - 01,558,516,1074
30/04/2018,01 - 02,662,519,1181
30/04/2018,02 - 03,941,556,1497
30/04/2018,03 - 04,1167,582,1749
30/04/2018,04 - 05,1515,652,2167
30/04/2018,05 - 06,1751,735,2486
30/04/2018,06 - 07,2021,806,2827
30/04/2018,07 - 08,2327,839,3166
30/04/2018,08 - 09,2676,859,3535
30/04/2018,09 - 10,2666,879,3545
30/04/2018,10 - 11,2602,884,3486
30/04/2018,11 - 12,2717,869,3586
30/04/2018,12 - 13,2887,855,3742
30/04/2018,13 - 14,2779,733,3512
30/04/2018,14 - 15,2446,499,2945
30/04/2018,15 - 16,2024,330,2354
30/04/2018,16 - 17,2053,244,2297
30/04/2018,17 - 18,1836,299,2135
30/04/2018,18 - 19,1548,297,1845
30/04/2018,19 - 20,1517,142,1659
30/04/2018,20 - 21,1274,93,1367
30/04/2018,21 - 22,948,92,1040
30/04/2018,22 - 23,1051,199,1250
30/04/2018,23 - 00,1023,244,1267
01/05/2018,00 - 01,859,278,1137
01/05/2018,01 - 02,594,302,896
01/05/2018,02 - 03,544,336,880
01/05/2018,03 - 04,596,251,847
01/05/2018,04 - 05,619,471,1090
01/05/2018,05 - 06,642,480,1122
01/05/2018,06 - 07,703,495,1198
01/05/2018,07 - 08,704,577,1281
01/05/2018,08 - 09,641,636,1277
01/05/2018,09 - 10,597,685,1282
01/05/2018,10 - 11,664,739,1403
01/05/2018,11 - 12,651,789,1440
01/05/2018,12 - 13,563,824,1387
01/05/2018,13 - 14,535,824,1359
01/05/2018,14 - 15,663,833,1496
01/05/2018,15 - 16,692,835,1527
01/05/2018,16 - 17,858,839,1697
01/05/2018,17 - 18,1061,835,1896
01/05/2018,18 - 19,1221,810,2031
01/05/2018,19 - 20,1312,775,2087
01/05/2018,20 - 21,1454,768,2222
01/05/2018,21 - 22,1543,779,2322
01/05/2018,22 - 23,1705,766,2471
01/05/2018,23 - 00,1702,736,2438
02/05/2018,00 - 01,1515,700,2215
02/05/2018,01 - 02,1444,649,2093
02/05/2018,02 - 03,1341,499,1840
02/05/2018,03 - 04,1288,343,1631
02/05/2018,04 - 05,1190,196,1386
02/05/2018,05 - 06,1171,104,1275
02/05/2018,06 - 07,1198,103,1301
02/05/2018,07 - 08,1186,129,1315
02/05/2018,08 - 09,1122,174,1296
02/05/2018,09 - 10,1540,180,1720
02/05/2018,10 - 11,1931,228,2159
02/05/2018,11 - 12,2230,282,2512
02/05/2018,12 - 13,2332,318,2650
02/05/2018,13 - 14,2424,354,2778
02/05/2018,14 - 15,2496,303,2799
02/05/2018,15 - 16,2243,257,2500
02/05/2018,16 - 17,2232,269,2501
02/05/2018,17 - 18,2012,288,2300
02/05/2018,18 - 19,1749,269,2018
02/05/2018,19 - 20,1488,322,1810
02/05/2018,20 - 21,1372,358,1730
02/05/2018,21 - 22,1492,345,1837
02/05/2018,22 - 23,1802,318,2120
02/05/2018,23 - 00,2098,278,2376
03/05/2018,00 - 01,2134,240,2374
03/05/2018,01 - 02,1969,209,2178
03/05/2018,02 - 03,1749,176,1925
03/05/2018,03 - 04,1613,166,1779
03/05/2018,04 - 05,1558,151,1709
03/05/2018,05 - 06,1502,133,1635
03/05/2018,06 - 07,1673,168,1841
03/05/2018,07 - 08,1560,228,1788
03/05/2018,08 - 09,1506,269,1775
03/05/2018,09 - 10,1212,390,1602
03/05/2018,10 - 11,1353,538,1891
03/05/2018,11 - 12,1593,502,2095
03/05/2018,12 - 13,1831,466,2297
03/05/2018,13 - 14,2334,448,2782
03/05/2018,14 - 15,2381,356,2737
03/05/2018,15 - 16,2306,293,2599
03/05/2018,16 - 17,1890,271,2161
03/05/2018,17 - 18,1531,270,1801
03/05/2018,18 - 19,1432,264,1696
03/05/2018,19 - 20,1359,265,1624
03/05/2018,20 - 21,1007,208,1215
03/05/2018,21 - 22,724,163,887
03/05/2018,22 - 23,638,142,780
03/05/2018,23 - 00,598,119,717
04/05/2018,00 - 01,496,108,604
04/05/2018,01 - 02,444,96,540
04/05/2018,02 - 03,433,62,495
04/05/2018,03 - 04,390,35,425
04/05/2018,04 - 05,333,15,348
04/05/2018,05 - 06,296,10,306
04/05/2018,06 - 07,203,6,209
04/05/2018,07 - 08,135,4,139
04/05/2018,08 - 09,138,4,142
04/05/2018,09 - 10,123,6,129
04/05/2018,10 - 11,141,9,150
04/05/2018,11 - 12,155,10,165
04/05/2018,12 - 13,165,14,179
04/05/2018,13 - 14,258,19,277
04/05/2018,14 - 15,319,22,341
04/05/2018,15 - 16,362,31,393
04/05/2018,16 - 17,346,40,386
04/05/2018,17 - 18,303,30,333
04/05/2018,18 - 19,297,20,317
04/05/2018,19 - 20,294,11,305
04/05/2018,20 - 21,255,11,266
04/05/2018,21 - 22,250,8,258
04/05/2018,22 - 23,276,6,282
04/05/2018,23 - 00,293,7,300
05/05/2018,00 - 01,312,10,322
05/05/2018,01 - 02,337,14,351
05/05/2018,02 - 03,342,14,356
05/05/2018,03 - 04,347,12,359
05/05/2018,04 - 05,346,12,358
05/05/2018,05 - 06,343,12,355
05/05/2018,06 - 07,336,13,349
05/05/2018,07 - 08,292,8,300
05/05/2018,08 - 09,233,6,239
05/05/2018,09 - 10,244,6,250
05/05/2018,10 - 11,268,6,274
05/05/2018,11 - 12,338,8,346
05/05/2018,12 - 13,348,9,357
05/05/2018,13 - 14,344,13,357
05/05/2018,14 - 15,319,14,333
05/05/2018,15 - 16,302,10,312
05/05/2018,16 - 17,285,8,293
05/05/2018,17 - 18,275,9,284
05/05/2018,18 - 19,239,12,251
05/05/2018,19 - 20,193,18,211
05/05/2018,20 - 21,138,17,155
05/05/2018,21 - 22,106,13,119
05/05/2018,22 - 23,91,14,105
05/05/2018,23 - 00,117,14,131
06/05/2018,00 - 01,200,17,217
06/05/2018,01 - 02,233,15,248
06/05/2018,02 - 03,209,19,228
06/05/2018,03 - 04,242,25,267
06/05/2018,04 - 05,293,17,310
06/05/2018,05 - 06,241,13,254
06/05/2018,06 - 07,151,15,166
06/05/2018,07 - 08,117,12,129
06/05/2018,08 - 09,95,5,100
06/05/2018,09 - 10,97,4,101
06/05/2018,10 - 11,134,9,143
06/05/2018,11 - 12,199,14,213
06/05/2018,12 - 13,197,19,216
06/05/2018,13 - 14,183,22,205
06/05/2018,14 - 15,187,22,209
06/05/2018,15 - 16,244,24,268
06/05/2018,16 - 17,288,29,317
06/05/2018,17 - 18,296,41,337
06/05/2018,18 - 19,298,58,356
06/05/2018,19 - 20,283,66,349
06/05/2018,20 - 21,278,72,350
06/05/2018,21 - 22,380,75,455
06/05/2018,22 - 23,541,117,658
06/05/2018,23 - 00,806,158,964
07/05/2018,00 - 01,974,179,1153
07/05/2018,01 - 02,1102,145,1247
07/05/2018,02 - 03,1107,140,1247
07/05/2018,03 - 04,1227,153,1380
07/05/2018,04 - 05,1356,152,1508
07/05/2018,05 - 06,1439,117,1556
07/05/2018,06 - 07,1277,79,1356
07/05/2018,07 - 08,893,49,942
07/05/2018,08 - 09,535,26,561
07/05/2018,09 - 10,393,14,407
07/05/2018,10 - 11,385,11,396
07/05/2018,11 - 12,380,10,390
07/05/2018,12 - 13,427,13,440
07/05/2018,13 - 14,435,13,448
07/05/2018,14 - 15,449,28,477
07/05/2018,15 - 16,468,59,527
07/05/2018,16 - 17,524,90,614
07/05/2018,17 - 18,522,85,607
07/05/2018,18 - 19,527,120,647
07/05/2018,19 - 20,378,156,534
07/05/2018,20 - 21,275,176,451
07/05/2018,21 - 22,323,150,473
07/05/2018,22 - 23,438,156,594
07/05/2018,23 - 00,623,195,818
08/05/2018,00 - 01,683,216,899
08/05/2018,01 - 02,716,199,915
08/05/2018,02 - 03,774,195,969
08/05/2018,03 - 04,870,163,1033
08/05/2018,04 - 05,911,127,1038
08/05/2018,05 - 06,997,104,1101
08/05/2018,06 - 07,942,89,1031
08/05/2018,07 - 08,747,70,817
08/05/2018,08 - 09,574,41,615
08/05/2018,09 - 10,547,38,585
08/05/2018,10 - 11,648,42,690
08/05/2018,11 - 12,813,63,876
08/05/2018,12 - 13,1046,115,1161
08/05/2018,13 - 14,1211,278,1489
08/05/2018,14 - 15,1534,421,1955
08/05/2018,15 - 16,1718,484,2202
08/05/2018,16 - 17,1828,572,2400
08/05/2018,17 - 18,1924,626,2550
08/05/2018,18 - 19,1953,624,2577
08/05/2018,19 - 20,1720,552,2272
08/05/2018,20 - 21,1603,487,2090
08/05/2018,21 - 22,1582,424,2006
08/05/2018,22 - 23,1667,420,2087
08/05/2018,23 - 00,1728,444,2172
09/05/2018,00 - 01,1706,365,2071
09/05/2018,01 - 02,1373,296,1669
09/05/2018,02 - 03,1298,249,1547
09/05/2018,03 - 04,1240,216,1456
09/05/2018,04 - 05,1258,193,1451
09/05/2018,05 - 06,1336,213,1549
09/05/2018,06 - 07,1276,193,1469
09/05/2018,07 - 08,1179,143,1322
09/05/2018,08 - 09,1006,114,1120
09/05/2018,09 - 10,913,100,1013
09/05/2018,10 - 11,905,118,1023
09/05/2018,11 - 12,1083,181,1264
09/05/2018,12 - 13,1562,257,1819
09/05/2018,13 - 14,1863,361,2224
09/05/2018,14 - 15,2395,469,2864
09/05/2018,15 - 16,2628,605,3233
09/05/2018,16 - 17,2677,745,3422
09/05/2018,17 - 18,2476,742,3218
09/05/2018,18 - 19,2326,633,2959
09/05/2018,19 - 20,2167,530,2697
09/05/2018,20 - 21,1997,509,2506
09/05/2018,21 - 22,1893,488,2381
09/05/2018,22 - 23,1912,443,2355
09/05/2018,23 - 00,2033,368,2401
10/05/2018,00 - 01,2119,320,2439
10/05/2018,01 - 02,1715,297,2012
10/05/2018,02 - 03,1483,277,1760
10/05/2018,03 - 04,1536,261,1797
10/05/2018,04 - 05,1581,229,1810
10/05/2018,05 - 06,1542,182,1724
10/05/2018,06 - 07,1285,183,1468
10/05/2018,07 - 08,1026,151,1177
10/05/2018,08 - 09,868,119,987
10/05/2018,09 - 10,810,102,912
10/05/2018,10 - 11,694,152,846
10/05/2018,11 - 12,673,223,896
10/05/2018,12 - 13,692,283,975
10/05/2018,13 - 14,868,311,1179
10/05/2018,14 - 15,1152,378,1530
10/05/2018,15 - 16,1188,358,1546
10/05/2018,16 - 17,1453,268,1721
10/05/2018,17 - 18,1533,245,1778
10/05/2018,18 - 19,1592,410,2002
10/05/2018,19 - 20,1442,291,1733
10/05/2018,20 - 21,1161,189,1350
10/05/2018,21 - 22,1189,207,1396
10/05/2018,22 - 23,1248,273,1521
10/05/2018,23 - 00,1290,286,1576
11/05/2018,00 - 01,1317,290,1607
11/05/2018,01 - 02,1170,251,1421
11/05/2018,02 - 03,1072,370,1442
11/05/2018,03 - 04,962,439,1401
11/05/2018,04 - 05,983,238,1221
11/05/2018,05 - 06,885,168,1053
11/05/2018,06 - 07,808,177,985
11/05/2018,07 - 08,657,82,739
11/05/2018,08 - 09,574,111,685
11/05/2018,09 - 10,518,108,626
11/05/2018,10 - 11,422,94,516
11/05/2018,11 - 12,364,76,440
11/05/2018,12 - 13,339,88,427
11/05/2018,13 - 14,304,56,360
11/05/2018,14 - 15,282,53,335
11/05/2018,15 - 16,222,56,278
11/05/2018,16 - 17,140,38,178
11/05/2018,17 - 18,123,21,144
11/05/2018,18 - 19,112,10,122
11/05/2018,19 - 20,102,5,107
11/05/2018,20 - 21,68,7,75
11/05/2018,21 - 22,57,6,63
11/05/2018,22 - 23,42,4,46
11/05/2018,23 - 00,54,4,58
12/05/2018,00 - 01,62,5,67
12/05/2018,01 - 02,76,6,82
12/05/2018,02 - 03,101,6,107
12/05/2018,03 - 04,103,6,109
12/05/2018,04 - 05,100,6,106
12/05/2018,05 - 06,108,9,117
12/05/2018,06 - 07,154,10,164
12/05/2018,07 - 08,144,11,155
12/05/2018,08 - 09,99,7,106
12/05/2018,09 - 10,103,6,109
12/05/2018,10 - 11,123,11,134
12/05/2018,11 - 12,159,28,187
12/05/2018,12 - 13,180,28,208
12/05/2018,13 - 14,196,23,219
12/05/2018,14 - 15,193,30,223
12/05/2018,15 - 16,208,30,238
12/05/2018,16 - 17,261,34,295
12/05/2018,17 - 18,315,45,360
12/05/2018,18 - 19,366,53,419
12/05/2018,19 - 20,308,62,370
12/05/2018,20 - 21,409,78,487
12/05/2018,21 - 22,457,99,556
12/05/2018,22 - 23,599,148,747
12/05/2018,23 - 00,635,153,788
13/05/2018,00 - 01,551,136,687
13/05/2018,01 - 02,428,101,529
13/05/2018,02 - 03,398,102,500
13/05/2018,03 - 04,364,135,499
13/05/2018,04 - 05,378,177,555
13/05/2018,05 - 06,466,226,692
13/05/2018,06 - 07,427,233,660
13/05/2018,07 - 08,426,269,695
13/05/2018,08 - 09,475,243,718
13/05/2018,09 - 10,489,244,733
13/05/2018,10 - 11,562,235,797
13/05/2018,11 - 12,663,234,897
13/05/2018,12 - 13,832,305,1137
13/05/2018,13 - 14,1001,390,1391
13/05/2018,14 - 15,1208,500,1708
13/05/2018,15 - 16,1432,585,2017
13/05/2018,16 - 17,1631,654,2285
13/05/2018,17 - 18,1850,707,2557
13/05/2018,18 - 19,1829,721,2550
13/05/2018,19 - 20,1772,703,2475
13/05/2018,20 - 21,1635,667,2302
13/05/2018,21 - 22,1573,633,2206
13/05/2018,22 - 23,1512,608,2120
13/05/2018,23 - 00,1555,603,2158
14/05/2018,00 - 01,1532,561,2093
14/05/2018,01 - 02,1182,470,1652
14/05/2018,02 - 03,1186,409,1595
14/05/2018,03 - 04,1289,382,1671
14/05/2018,04 - 05,1303,322,1625
14/05/2018,05 - 06,1367,296,1663
14/05/2018,06 - 07,910,277,1187
14/05/2018,07 - 08,765,252,1017
14/05/2018,08 - 09,531,255,786
14/05/2018,09 - 10,386,240,626
14/05/2018,10 - 11,314,232,546
14/05/2018,11 - 12,310,228,538
14/05/2018,12 - 13,385,259,644
14/05/2018,13 - 14,535,266,801
14/05/2018,14 - 15,644,325,969
14/05/2018,15 - 16,780,295,1075
14/05/2018,16 - 17,757,244,1001
14/05/2018,17 - 18,659,205,864
14/05/2018,18 - 19,554,152,706
14/05/2018,19 - 20,429,135,564
14/05/2018,20 - 21,390,177,567
14/05/2018,21 - 22,386,183,569
14/05/2018,22 - 23,397,194,591
14/05/2018,23 - 00,360,148,508
15/05/2018,00 - 01,296,162,458
15/05/2018,01 - 02,374,180,554
15/05/2018,02 - 03,340,209,549
15/05/2018,03 - 04,272,209,481
15/05/2018,04 - 05,166,200,366
15/05/2018,05 - 06,108,173,281
15/05/2018,06 - 07,75,184,259
15/05/2018,07 - 08,63,126,189
15/05/2018,08 - 09,46,103,149
15/05/2018,09 - 10,41,80,121
15/05/2018,10 - 11,59,59,118
15/05/2018,11 - 12,89,33,122
15/05/2018,12 - 13,80,34,114
15/05/2018,13 - 14,83,28,111
15/05/2018,14 - 15,83,32,115
15/05/2018,15 - 16,106,62,168
15/05/2018,16 - 17,129,136,265
15/05/2018,17 - 18,171,234,405
15/05/2018,18 - 19,202,279,481
15/05/2018,19 - 20,231,274,505
15/05/2018,20 - 21,231,189,420
15/05/2018,21 - 22,271,156,427
15/05/2018,22 - 23,263,90,353
15/05/2018,23 - 00,279,66,345
16/05/2018,00 - 01,297,32,329
16/05/2018,01 - 02,393,23,416
16/05/2018,02 - 03,435,19,454
16/05/2018,03 - 04,558,31,589
16/05/2018,04 - 05,737,64,801
16/05/2018,05 - 06,842,94,936
16/05/2018,06 - 07,848,96,944
16/05/2018,07 - 08,771,67,838
16/05/2018,08 - 09,686,57,743
16/05/2018,09 - 10,651,56,707
16/05/2018,10 - 11,728,61,789
16/05/2018,11 - 12,845,72,917
16/05/2018,12 - 13,1164,105,1269
16/05/2018,13 - 14,1339,127,1466
16/05/2018,14 - 15,1594,133,1727
16/05/2018,15 - 16,1866,163,2029
16/05/2018,16 - 17,2187,209,2396
16/05/2018,17 - 18,2086,187,2273
16/05/2018,18 - 19,1779,187,1966
16/05/2018,19 - 20,1585,260,1845
16/05/2018,20 - 21,1302,346,1648
16/05/2018,21 - 22,1186,314,1500
16/05/2018,22 - 23,1112,340,1452
16/05/2018,23 - 00,1003,335,1338
17/05/2018,00 - 01,834,329,1163
17/05/2018,01 - 02,590,304,894
17/05/2018,02 - 03,534,288,822
17/05/2018,03 - 04,581,307,888
17/05/2018,04 - 05,532,303,835
17/05/2018,05 - 06,465,249,714
17/05/2018,06 - 07,676,175,851
17/05/2018,07 - 08,825,123,948
17/05/2018,08 - 09,877,120,997
17/05/2018,09 - 10,1046,134,1180
17/05/2018,10 - 11,1247,182,1429
17/05/2018,11 - 12,1238,242,1480
17/05/2018,12 - 13,1348,248,1596
17/05/2018,13 - 14,1397,275,1672
17/05/2018,14 - 15,1492,292,1784
17/05/2018,15 - 16,1547,247,1794
17/05/2018,16 - 17,1594,264,1858
17/05/2018,17 - 18,1669,290,1959
17/05/2018,18 - 19,1657,291,1948
17/05/2018,19 - 20,1521,233,1754
17/05/2018,20 - 21,1348,204,1552
17/05/2018,21 - 22,1178,202,1380
17/05/2018,22 - 23,1075,179,1254
17/05/2018,23 - 00,909,141,1050
18/05/2018,00 - 01,839,116,955
18/05/2018,01 - 02,802,113,915
18/05/2018,02 - 03,789,104,893
18/05/2018,03 - 04,714,57,771
18/05/2018,04 - 05,703,31,734
18/05/2018,05 - 06,775,26,801
18/05/2018,06 - 07,858,20,878
18/05/2018,07 - 08,920,12,932
18/05/2018,08 - 09,943,20,963
18/05/2018,09 - 10,858,57,915
18/05/2018,10 - 11,831,79,910
18/05/2018,11 - 12,792,77,869
18/05/2018,12 - 13,759,66,825
18/05/2018,13 - 14,765,56,821
18/05/2018,14 - 15,701,59,760
18/05/2018,15 - 16,656,92,748
18/05/2018,16 - 17,638,111,749
18/05/2018,17 - 18,580,126,706
18/05/2018,18 - 19,550,120,670
18/05/2018,19 - 20,475,115,590
18/05/2018,20 - 21,385,94,479
18/05/2018,21 - 22,315,92,407
18/05/2018,22 - 23,243,88,331
18/05/2018,23 - 00,199,68,267
19/05/2018,00 - 01,167,48,215
19/05/2018,01 - 02,156,35,191
19/05/2018,02 - 03,158,31,189
19/05/2018,03 - 04,157,17,174
19/05/2018,04 - 05,145,11,156
19/05/2018,05 - 06,138,12,150
19/05/2018,06 - 07,95,9,104
19/05/2018,07 - 08,47,6,53
19/05/2018,08 - 09,26,5,31
19/05/2018,09 - 10,24,6,30
19/05/2018,10 - 11,25,7,32
19/05/2018,11 - 12,35,10,45
19/05/2018,12 - 13,50,16,66
19/05/2018,13 - 14,95,27,122
19/05/2018,14 - 15,152,47,199
19/05/2018,15 - 16,194,47,241
19/05/2018,16 - 17,241,50,291
19/05/2018,17 - 18,221,54,275
19/05/2018,18 - 19,172,71,243
19/05/2018,19 - 20,125,83,208
19/05/2018,20 - 21,107,81,188
19/05/2018,21 - 22,85,124,209
19/05/2018,22 - 23,93,157,250
19/05/2018,23 - 00,109,164,273
20/05/2018,00 - 01,117,139,256
20/05/2018,01 - 02,91,111,202
20/05/2018,02 - 03,70,77,147
20/05/2018,03 - 04,66,49,115
20/05/2018,04 - 05,60,20,80
20/05/2018,05 - 06,102,19,121
20/05/2018,06 - 07,116,21,137
20/05/2018,07 - 08,123,19,142
20/05/2018,08 - 09,125,33,158
20/05/2018,09 - 10,155,47,202
20/05/2018,10 - 11,202,26,228
20/05/2018,11 - 12,242,19,261
20/05/2018,12 - 13,255,20,275
20/05/2018,13 - 14,299,31,330
20/05/2018,14 - 15,319,56,375
20/05/2018,15 - 16,307,100,407
20/05/2018,16 - 17,354,138,492
20/05/2018,17 - 18,409,160,569
20/05/2018,18 - 19,477,194,671
20/05/2018,19 - 20,545,198,743
20/05/2018,20 - 21,476,204,680
20/05/2018,21 - 22,445,202,647
20/05/2018,22 - 23,402,268,670
20/05/2018,23 - 00,483,236,719
21/05/2018,00 - 01,628,210,838
21/05/2018,01 - 02,767,183,950
21/05/2018,02 - 03,723,157,880
21/05/2018,03 - 04,653,161,814
21/05/2018,04 - 05,608,175,783
21/05/2018,05 - 06,603,171,774
21/05/2018,06 - 07,601,144,745
21/05/2018,07 - 08,500,121,621
21/05/2018,08 - 09,499,84,583
21/05/2018,09 - 10,501,110,611
21/05/2018,10 - 11,544,151,695
21/05/2018,11 - 12,612,211,823
21/05/2018,12 - 13,743,363,1106
21/05/2018,13 - 14,869,452,1321
21/05/2018,14 - 15,909,612,1521
21/05/2018,15 - 16,998,667,1665
21/05/2018,16 - 17,1005,668,1673
21/05/2018,17 - 18,1110,686,1796
21/05/2018,18 - 19,1271,619,1890
21/05/2018,19 - 20,1278,626,1904
21/05/2018,20 - 21,1062,609,1671
21/05/2018,21 - 22,959,538,1497
21/05/2018,22 - 23,900,444,1344
21/05/2018,23 - 00,867,383,1250
22/05/2018,00 - 01,865,345,1210
22/05/2018,01 - 02,900,314,1214
22/05/2018,02 - 03,874,242,1116
22/05/2018,03 - 04,843,179,1022
22/05/2018,04 - 05,963,134,1097
22/05/2018,05 - 06,972,90,1062
22/05/2018,06 - 07,853,74,927
22/05/2018,07 - 08,584,48,632
22/05/2018,08 - 09,428,29,457
22/05/2018,09 - 10,375,25,400
22/05/2018,10 - 11,429,34,463
22/05/2018,11 - 12,392,42,434
22/05/2018,12 - 13,359,72,431
22/05/2018,13 - 14,287,82,369
22/05/2018,14 - 15,196,83,279
22/05/2018,15 - 16,136,93,229
22/05/2018,16 - 17,125,83,208
22/05/2018,17 - 18,175,75,250
22/05/2018,18 - 19,277,79,356
22/05/2018,19 - 20,325,74,399
22/05/2018,20 - 21,339,63,402
22/05/2018,21 - 22,345,67,412
22/05/2018,22 - 23,323,94,417
22/05/2018,23 - 00,260,74,334
23/05/2018,00 - 01,171,61,232
23/05/2018,01 - 02,83,47,130
23/05/2018,02 - 03,67,31,98
23/05/2018,03 - 04,53,21,74
23/05/2018,04 - 05,38,10,48
23/05/2018,05 - 06,31,5,36
23/05/2018,06 - 07,32,5,37
23/05/2018,07 - 08,32,7,39
23/05/2018,08 - 09,46,4,50
23/05/2018,09 - 10,38,4,42
23/05/2018,10 - 11,39,5,44
23/05/2018,11 - 12,46,9,55
23/05/2018,12 - 13,63,13,76
23/05/2018,13 - 14,90,18,108
23/05/2018,14 - 15,127,20,147
23/05/2018,15 - 16,164,27,191
23/05/2018,16 - 17,227,46,273
23/05/2018,17 - 18,274,63,337
23/05/2018,18 - 19,329,71,400
23/05/2018,19 - 20,327,54,381
23/05/2018,20 - 21,300,37,337
23/05/2018,21 - 22,299,26,325
23/05/2018,22 - 23,356,33,389
23/05/2018,23 - 00,391,40,431
24/05/2018,00 - 01,422,45,467
24/05/2018,01 - 02,470,74,544
24/05/2018,02 - 03,391,93,484
24/05/2018,03 - 04,367,119,486
24/05/2018,04 - 05,342,148,490
24/05/2018,05 - 06,336,194,530
24/05/2018,06 - 07,381,221,602
24/05/2018,07 - 08,322,201,523
24/05/2018,08 - 09,323,190,513
24/05/2018,09 - 10,399,233,632
24/05/2018,10 - 11,552,303,855
24/05/2018,11 - 12,657,364,1021
24/05/2018,12 - 13,824,403,1227
24/05/2018,13 - 14,1101,433,1534
24/05/2018,14 - 15,1348,456,1804
24/05/2018,15 - 16,1445,485,1930
24/05/2018,16 - 17,1469,561,2030
24/05/2018,17 - 18,1419,577,1996
24/05/2018,18 - 19,1231,537,1768
24/05/2018,19 - 20,1044,527,1571
24/05/2018,20 - 21,833,474,1307
24/05/2018,21 - 22,870,437,1307
24/05/2018,22 - 23,915,475,1390
24/05/2018,23 - 00,1161,487,1648
25/05/2018,00 - 01,1228,464,1692
25/05/2018,01 - 02,1235,428,1663
25/05/2018,02 - 03,1244,460,1704
25/05/2018,03 - 04,1186,432,1618
25/05/2018,04 - 05,1139,424,1563
25/05/2018,05 - 06,1102,385,1487
25/05/2018,06 - 07,941,316,1257
25/05/2018,07 - 08,765,295,1060
25/05/2018,08 - 09,725,319,1044
25/05/2018,09 - 10,650,339,989
25/05/2018,10 - 11,576,386,962
25/05/2018,11 - 12,650,385,1035
25/05/2018,12 - 13,773,352,1125
25/05/2018,13 - 14,817,370,1187
25/05/2018,14 - 15,761,376,1137
25/05/2018,15 - 16,793,400,1193
25/05/2018,16 - 17,822,336,1158
25/05/2018,17 - 18,819,288,1107
25/05/2018,18 - 19,820,140,960
25/05/2018,19 - 20,760,137,897
25/05/2018,20 - 21,534,162,696
25/05/2018,21 - 22,383,173,556
25/05/2018,22 - 23,351,172,523
25/05/2018,23 - 00,245,179,424
26/05/2018,00 - 01,171,162,333
26/05/2018,01 - 02,185,144,329
26/05/2018,02 - 03,207,138,345
26/05/2018,03 - 04,204,133,337
26/05/2018,04 - 05,229,166,395
26/05/2018,05 - 06,235,196,431
26/05/2018,06 - 07,265,136,401
26/05/2018,07 - 08,212,150,362
26/05/2018,08 - 09,138,126,264
26/05/2018,09 - 10,161,47,208
26/05/2018,10 - 11,258,46,304
26/05/2018,11 - 12,351,100,451
26/05/2018,12 - 13,473,143,616
26/05/2018,13 - 14,623,166,789
26/05/2018,14 - 15,649,125,774
26/05/2018,15 - 16,507,126,633
26/05/2018,16 - 17,497,110,607
26/05/2018,17 - 18,558,69,627
26/05/2018,18 - 19,518,79,597
26/05/2018,19 - 20,364,89,453
26/05/2018,20 - 21,283,94,377
26/05/2018,21 - 22,242,101,343
26/05/2018,22 - 23,258,95,353
26/05/2018,23 - 00,216,137,353
27/05/2018,00 - 01,202,136,338
27/05/2018,01 - 02,181,187,368
27/05/2018,02 - 03,222,238,460
27/05/2018,03 - 04,264,195,459
27/05/2018,04 - 05,263,197,460
27/05/2018,05 - 06,210,237,447
27/05/2018,06 - 07,253,257,510
27/05/2018,07 - 08,262,171,433
27/05/2018,08 - 09,362,139,501
27/05/2018,09 - 10,504,169,673
27/05/2018,10 - 11,744,186,930
27/05/2018,11 - 12,924,238,1162
27/05/2018,12 - 13,1106,249,1355
27/05/2018,13 - 14,1367,247,1614
27/05/2018,14 - 15,1664,304,1968
27/05/2018,15 - 16,1909,359,2268
27/05/2018,16 - 17,2012,433,2445
27/05/2018,17 - 18,1879,459,2338
27/05/2018,18 - 19,1570,490,2060
27/05/2018,19 - 20,1273,441,1714
27/05/2018,20 - 21,1110,401,1511
27/05/2018,21 - 22,1237,367,1604
27/05/2018,22 - 23,1408,408,1816
27/05/2018,23 - 00,1405,426,1831
28/05/2018,00 - 01,1407,472,1879
28/05/2018,01 - 02,1368,505,1873
28/05/2018,02 - 03,1424,523,1947
28/05/2018,03 - 04,1467,541,2008
28/05/2018,04 - 05,1516,496,2012
28/05/2018,05 - 06,1378,332,1710
28/05/2018,06 - 07,1406,192,1598
28/05/2018,07 - 08,1145,141,1286
28/05/2018,08 - 09,1064,214,1278
28/05/2018,09 - 10,857,330,1187
28/05/2018,10 - 11,541,441,982
28/05/2018,11 - 12,468,379,847
28/05/2018,12 - 13,457,384,841
28/05/2018,13 - 14,489,296,785
28/05/2018,14 - 15,410,234,644
28/05/2018,15 - 16,350,211,561
28/05/2018,16 - 17,381,233,614
28/05/2018,17 - 18,382,352,734
28/05/2018,18 - 19,398,415,813
28/05/2018,19 - 20,396,432,828
28/05/2018,20 - 21,413,408,821
28/05/2018,21 - 22,554,368,922
28/05/2018,22 - 23,711,333,1044
28/05/2018,23 - 00,638,305,943
29/05/2018,00 - 01,576,264,840
29/05/2018,01 - 02,621,243,864
29/05/2018,02 - 03,682,251,933
29/05/2018,03 - 04,604,225,829
29/05/2018,04 - 05,652,161,813
29/05/2018,05 - 06,616,132,748
29/05/2018,06 - 07,629,125,754
29/05/2018,07 - 08,685,106,791
29/05/2018,08 - 09,728,114,842
29/05/2018,09 - 10,863,98,961
29/05/2018,10 - 11,901,122,1023
29/05/2018,11 - 12,862,219,1081
29/05/2018,12 - 13,791,351,1142
29/05/2018,13 - 14,814,465,1279
29/05/2018,14 - 15,825,570,1395
29/05/2018,15 - 16,734,645,1379
29/05/2018,16 - 17,685,652,1337
29/05/2018,17 - 18,839,661,1500
29/05/2018,18 - 19,1027,657,1684
29/05/2018,19 - 20,941,622,1563
29/05/2018,20 - 21,845,555,1400
29/05/2018,21 - 22,1194,523,1717
29/05/2018,22 - 23,976,528,1504
29/05/2018,23 - 00,1425,564,1989
30/05/2018,00 - 01,1540,462,2002
30/05/2018,01 - 02,1569,428,1997
30/05/2018,02 - 03,1608,423,2031
30/05/2018,03 - 04,1639,394,2033
30/05/2018,04 - 05,1629,396,2025
30/05/2018,05 - 06,1686,431,2117
30/05/2018,06 - 07,1605,436,2041
30/05/2018,07 - 08,1354,422,1776
30/05/2018,08 - 09,1229,363,1592
30/05/2018,09 - 10,1353,334,1687
30/05/2018,10 - 11,1603,380,1983
30/05/2018,11 - 12,1663,444,2107
30/05/2018,12 - 13,1793,505,2298
30/05/2018,13 - 14,1893,555,2448
30/05/2018,14 - 15,1715,469,2184
30/05/2018,15 - 16,1511,464,1975
30/05/2018,16 - 17,1317,463,1780
30/05/2018,17 - 18,1239,507,1746
30/05/2018,18 - 19,1174,580,1754
30/05/2018,19 - 20,922,568,1490
30/05/2018,20 - 21,710,527,1237
30/05/2018,21 - 22,683,496,1179
30/05/2018,22 - 23,734,467,1201
30/05/2018,23 - 00,759,400,1159
31/05/2018,00 - 01,912,362,1274
31/05/2018,01 - 02,1058,392,1450
31/05/2018,02 - 03,1005,414,1419
31/05/2018,03 - 04,1078,415,1493
31/05/2018,04 - 05,1196,377,1573
31/05/2018,05 - 06,1317,362,1679
31/05/2018,06 - 07,1302,333,1635
31/05/2018,07 - 08,1191,355,1546
31/05/2018,08 - 09,1259,414,1673
31/05/2018,09 - 10,1375,461,1836
31/05/2018,10 - 11,1420,550,1970
31/05/2018,11 - 12,1524,604,2128
31/05/2018,12 - 13,1473,650,2123
31/05/2018,13 - 14,1325,664,1989
31/05/2018,14 - 15,1217,675,1892
31/05/2018,15 - 16,1151,679,1830
31/05/2018,16 - 17,1117,703,1820
31/05/2018,17 - 18,1039,731,1770
31/05/2018,18 - 19,877,715,1592
31/05/2018,19 - 20,742,684,1426
31/05/2018,20 - 21,666,639,1305
31/05/2018,21 - 22,790,599,1389
31/05/2018,22 - 23,928,604,1532
31/05/2018,23 - 00,886,585,1471
01/06/2018,00 - 01,885,568,1453
01/06/2018,01 - 02,909,525,1434
01/06/2018,02 - 03,854,470,1324
01/06/2018,03 - 04,773,472,1245
01/06/2018,04 - 05,738,423,1161
01/06/2018,05 - 06,669,411,1080
01/06/2018,06 - 07,615,348,963
01/06/2018,07 - 08,507,312,819
01/06/2018,08 - 09,498,315,813
01/06/2018,09 - 10,404,280,684
01/06/2018,10 - 11,343,306,649
01/06/2018,11 - 12,425,275,700
01/06/2018,12 - 13,598,237,835
01/06/2018,13 - 14,676,189,865
01/06/2018,14 - 15,644,199,843
01/06/2018,15 - 16,483,175,658
01/06/2018,16 - 17,320,168,488
01/06/2018,17 - 18,224,207,431
01/06/2018,18 - 19,169,258,427
01/06/2018,19 - 20,151,205,356
01/06/2018,20 - 21,160,137,297
01/06/2018,21 - 22,208,107,315
01/06/2018,22 - 23,253,72,325
01/06/2018,23 - 00,321,73,394
02/06/2018,00 - 01,341,72,413
02/06/2018,01 - 02,262,76,338
02/06/2018,02 - 03,212,71,283
02/06/2018,03 - 04,151,74,225
02/06/2018,04 - 05,149,68,217
02/06/2018,05 - 06,148,65,213
02/06/2018,06 - 07,125,66,191
02/06/2018,07 - 08,86,42,128
02/06/2018,08 - 09,57,8,65
02/06/2018,09 - 10,38,3,41
02/06/2018,10 - 11,11,5,16
02/06/2018,11 - 12,16,8,24
02/06/2018,12 - 13,16,10,26
02/06/2018,13 - 14,21,8,29
02/06/2018,14 - 15,51,10,61
02/06/2018,15 - 16,78,9,87
02/06/2018,16 - 17,104,13,117
02/06/2018,17 - 18,148,14,162
02/06/2018,18 - 19,178,11,189
02/06/2018,19 - 20,160,10,170
02/06/2018,20 - 21,126,7,133
02/06/2018,21 - 22,142,35,177
02/06/2018,22 - 23,153,131,284
02/06/2018,23 - 00,171,215,386
03/06/2018,00 - 01,205,229,434
03/06/2018,01 - 02,229,217,446
03/06/2018,02 - 03,249,195,444
03/06/2018,03 - 04,279,134,413
03/06/2018,04 - 05,313,103,416
03/06/2018,05 - 06,328,83,411
03/06/2018,06 - 07,324,91,415
03/06/2018,07 - 08,287,113,400
03/06/2018,08 - 09,253,100,353
03/06/2018,09 - 10,287,89,376
03/06/2018,10 - 11,382,78,460
03/06/2018,11 - 12,505,81,586
03/06/2018,12 - 13,625,111,736
03/06/2018,13 - 14,671,129,800
03/06/2018,14 - 15,681,130,811
03/06/2018,15 - 16,753,146,899
03/06/2018,16 - 17,842,187,1029
03/06/2018,17 - 18,857,269,1126
03/06/2018,18 - 19,882,355,1237
03/06/2018,19 - 20,821,289,1110
03/06/2018,20 - 21,775,215,990
03/06/2018,21 - 22,839,168,1007
03/06/2018,22 - 23,970,135,1105
03/06/2018,23 - 00,1052,106,1158
04/06/2018,00 - 01,1109,102,1211
04/06/2018,01 - 02,1194,100,1294
04/06/2018,02 - 03,1310,127,1437
04/06/2018,03 - 04,1309,162,1471
04/06/2018,04 - 05,1298,188,1486
04/06/2018,05 - 06,1328,216,1544
04/06/2018,06 - 07,1376,252,1628
04/06/2018,07 - 08,1443,223,1666
04/06/2018,08 - 09,1472,242,1714
04/06/2018,09 - 10,1381,243,1624
04/06/2018,10 - 11,1382,326,1708
04/06/2018,11 - 12,1408,403,1811
04/06/2018,12 - 13,1355,400,1755
04/06/2018,13 - 14,1321,402,1723
04/06/2018,14 - 15,1321,451,1772
04/06/2018,15 - 16,1286,458,1744
04/06/2018,16 - 17,1255,420,1675
04/06/2018,17 - 18,1289,421,1710
04/06/2018,18 - 19,1174,455,1629
04/06/2018,19 - 20,1059,410,1469
04/06/2018,20 - 21,888,404,1292
04/06/2018,21 - 22,708,335,1043
04/06/2018,22 - 23,661,372,1033
04/06/2018,23 - 00,674,352,1026
05/06/2018,00 - 01,560,290,850
05/06/2018,01 - 02,378,231,609
05/06/2018,02 - 03,237,170,407
05/06/2018,03 - 04,289,151,440
05/06/2018,04 - 05,553,146,699
05/06/2018,05 - 06,790,156,946
05/06/2018,06 - 07,940,127,1067
05/06/2018,07 - 08,1074,98,1172
05/06/2018,08 - 09,1239,94,1333
05/06/2018,09 - 10,1199,80,1279
05/06/2018,10 - 11,987,71,1058
05/06/2018,11 - 12,859,70,929
05/06/2018,12 - 13,695,70,765
05/06/2018,13 - 14,637,84,721
05/06/2018,14 - 15,496,59,555
05/06/2018,15 - 16,350,71,421
05/06/2018,16 - 17,290,69,359
05/06/2018,17 - 18,300,56,356
05/06/2018,18 - 19,282,34,316
05/06/2018,19 - 20,231,27,258
05/06/2018,20 - 21,238,30,268
05/06/2018,21 - 22,230,31,261
05/06/2018,22 - 23,336,37,373
05/06/2018,23 - 00,447,48,495
06/06/2018,00 - 01,539,76,615
06/06/2018,01 - 02,584,119,703
06/06/2018,02 - 03,608,184,792
06/06/2018,03 - 04,627,184,811
06/06/2018,04 - 05,578,182,760
06/06/2018,05 - 06,524,172,696
06/06/2018,06 - 07,542,151,693
06/06/2018,07 - 08,486,182,668
06/06/2018,08 - 09,396,184,580
06/06/2018,09 - 10,358,137,495
06/06/2018,10 - 11,361,124,485
06/06/2018,11 - 12,331,125,456
06/06/2018,12 - 13,345,147,492
06/06/2018,13 - 14,355,160,515
06/06/2018,14 - 15,337,140,477
06/06/2018,15 - 16,306,131,437
06/06/2018,16 - 17,302,166,468
06/06/2018,17 - 18,305,194,499
06/06/2018,18 - 19,293,205,498
06/06/2018,19 - 20,268,205,473
06/06/2018,20 - 21,244,196,440
06/06/2018,21 - 22,280,204,484
06/06/2018,22 - 23,359,252,611
06/06/2018,23 - 00,450,255,705
07/06/2018,00 - 01,540,246,786
07/06/2018,01 - 02,596,244,840
07/06/2018,02 - 03,586,250,836
07/06/2018,03 - 04,549,221,770
07/06/2018,04 - 05,523,211,734
07/06/2018,05 - 06,499,190,689
07/06/2018,06 - 07,424,153,577
07/06/2018,07 - 08,249,124,373
07/06/2018,08 - 09,199,120,319
07/06/2018,09 - 10,192,106,298
07/06/2018,10 - 11,246,127,373
07/06/2018,11 - 12,366,165,531
07/06/2018,12 - 13,345,151,496
07/06/2018,13 - 14,288,138,426
07/06/2018,14 - 15,228,126,354
07/06/2018,15 - 16,202,136,338
07/06/2018,16 - 17,191,119,310
07/06/2018,17 - 18,192,136,328
07/06/2018,18 - 19,162,141,303
07/06/2018,19 - 20,124,120,244
07/06/2018,20 - 21,116,95,211
07/06/2018,21 - 22,115,95,210
07/06/2018,22 - 23,81,115,196
07/06/2018,23 - 00,56,111,167
08/06/2018,00 - 01,46,112,158
08/06/2018,01 - 02,47,67,114
08/06/2018,02 - 03,39,34,73
08/06/2018,03 - 04,38,13,51
08/06/2018,04 - 05,29,7,36
08/06/2018,05 - 06,21,5,26
08/06/2018,06 - 07,16,4,20
08/06/2018,07 - 08,12,4,16
08/06/2018,08 - 09,11,3,14
08/06/2018,09 - 10,12,4,16
08/06/2018,10 - 11,12,3,15
08/06/2018,11 - 12,12,4,16
08/06/2018,12 - 13,22,11,33
08/06/2018,13 - 14,55,44,99
08/06/2018,14 - 15,103,110,213
08/06/2018,15 - 16,138,178,316
08/06/2018,16 - 17,158,218,376
08/06/2018,17 - 18,179,268,447
08/06/2018,18 - 19,188,280,468
08/06/2018,19 - 20,147,224,371
08/06/2018,20 - 21,89,164,253
08/06/2018,21 - 22,72,144,216
08/06/2018,22 - 23,67,139,206
08/06/2018,23 - 00,55,146,201
09/06/2018,00 - 01,51,164,215
09/06/2018,01 - 02,59,118,177
09/06/2018,02 - 03,68,81,149
09/06/2018,03 - 04,102,58,160
09/06/2018,04 - 05,103,77,180
09/06/2018,05 - 06,119,92,211
09/06/2018,06 - 07,113,107,220
09/06/2018,07 - 08,115,106,221
09/06/2018,08 - 09,80,114,194
09/06/2018,09 - 10,75,74,149
09/06/2018,10 - 11,79,47,126
09/06/2018,11 - 12,63,49,112
09/06/2018,12 - 13,56,51,107
09/06/2018,13 - 14,70,54,124
09/06/2018,14 - 15,93,53,146
09/06/2018,15 - 16,127,44,171
09/06/2018,16 - 17,130,50,180
09/06/2018,17 - 18,156,55,211
09/06/2018,18 - 19,166,59,225
09/06/2018,19 - 20,141,71,212
09/06/2018,20 - 21,111,65,176
09/06/2018,21 - 22,97,57,154
09/06/2018,22 - 23,116,50,166
09/06/2018,23 - 00,142,50,192
10/06/2018,00 - 01,167,40,207
10/06/2018,01 - 02,184,34,218
10/06/2018,02 - 03,194,32,226
10/06/2018,03 - 04,193,40,233
10/06/2018,04 - 05,211,35,246
10/06/2018,05 - 06,190,28,218
10/06/2018,06 - 07,151,40,191
10/06/2018,07 - 08,115,32,147
10/06/2018,08 - 09,59,30,89
10/06/2018,09 - 10,57,12,69
10/06/2018,10 - 11,90,9,99
10/06/2018,11 - 12,141,10,151
10/06/2018,12 - 13,224,28,252
10/06/2018,13 - 14,333,85,418
10/06/2018,14 - 15,440,167,607
10/06/2018,15 - 16,221,234,455
10/06/2018,16 - 17,234,189,423
10/06/2018,17 - 18,393,60,453
10/06/2018,18 - 19,465,35,500
10/06/2018,19 - 20,550,72,622
10/06/2018,20 - 21,676,118,794
10/06/2018,21 - 22,701,108,809
10/06/2018,22 - 23,705,173,878
10/06/2018,23 - 00,828,197,1025
11/06/2018,00 - 01,1164,202,1366
11/06/2018,01 - 02,1400,229,1629
11/06/2018,02 - 03,1562,307,1869
11/06/2018,03 - 04,1617,297,1914
11/06/2018,04 - 05,1852,285,2137
11/06/2018,05 - 06,2049,271,2320
11/06/2018,06 - 07,2124,299,2423
11/06/2018,07 - 08,2279,420,2699
11/06/2018,08 - 09,2322,463,2785
11/06/2018,09 - 10,2281,430,2711
11/06/2018,10 - 11,2337,385,2722
11/06/2018,11 - 12,2727,427,3154
11/06/2018,12 - 13,2888,514,3402
11/06/2018,13 - 14,3172,560,3732
11/06/2018,14 - 15,3260,622,3882
11/06/2018,15 - 16,3087,653,3740
11/06/2018,16 - 17,3057,754,3811
11/06/2018,17 - 18,3333,807,4140
11/06/2018,18 - 19,3256,797,4053
11/06/2018,19 - 20,2836,787,3623
11/06/2018,20 - 21,2600,756,3356
11/06/2018,21 - 22,2385,749,3134
11/06/2018,22 - 23,2037,714,2751
11/06/2018,23 - 00,2057,617,2674
12/06/2018,00 - 01,2395,614,3009
12/06/2018,01 - 02,2307,595,2902
12/06/2018,02 - 03,2181,529,2710
12/06/2018,03 - 04,1955,471,2426
12/06/2018,04 - 05,1760,430,2190
12/06/2018,05 - 06,1621,350,1971
12/06/2018,06 - 07,1464,272,1736
12/06/2018,07 - 08,1375,236,1611
12/06/2018,08 - 09,1186,204,1390
12/06/2018,09 - 10,1054,170,1224
12/06/2018,10 - 11,868,159,1027
12/06/2018,11 - 12,740,201,941
12/06/2018,12 - 13,623,196,819
12/06/2018,13 - 14,610,214,824
12/06/2018,14 - 15,673,228,901
12/06/2018,15 - 16,628,251,879
12/06/2018,16 - 17,674,261,935
12/06/2018,17 - 18,772,240,1012
12/06/2018,18 - 19,864,231,1095
12/06/2018,19 - 20,946,206,1152
12/06/2018,20 - 21,997,228,1225
12/06/2018,21 - 22,1082,239,1321
12/06/2018,22 - 23,1072,216,1288
12/06/2018,23 - 00,1155,195,1350
13/06/2018,00 - 01,1284,176,1460
13/06/2018,01 - 02,1328,134,1462
13/06/2018,02 - 03,1339,122,1461
13/06/2018,03 - 04,1301,108,1409
13/06/2018,04 - 05,1381,131,1512
13/06/2018,05 - 06,1493,164,1657
13/06/2018,06 - 07,1658,180,1838
13/06/2018,07 - 08,1880,183,2063
13/06/2018,08 - 09,2028,150,2178
13/06/2018,09 - 10,2044,153,2197
13/06/2018,10 - 11,2051,188,2239
13/06/2018,11 - 12,2081,240,2321
13/06/2018,12 - 13,2112,357,2469
13/06/2018,13 - 14,2298,443,2741
13/06/2018,14 - 15,2666,550,3216
13/06/2018,15 - 16,2678,626,3304
13/06/2018,16 - 17,2470,643,3113
13/06/2018,17 - 18,2428,619,3047
13/06/2018,18 - 19,2376,622,2998
13/06/2018,19 - 20,2202,578,2780
13/06/2018,20 - 21,1835,493,2328
13/06/2018,21 - 22,1349,387,1736
13/06/2018,22 - 23,985,335,1320
13/06/2018,23 - 00,891,230,1121
14/06/2018,00 - 01,1015,198,1213
14/06/2018,01 - 02,998,229,1227
14/06/2018,02 - 03,1024,262,1286
14/06/2018,03 - 04,993,255,1248
14/06/2018,04 - 05,1022,138,1160
14/06/2018,05 - 06,1110,97,1207
14/06/2018,06 - 07,1358,120,1478
14/06/2018,07 - 08,1791,195,1986
14/06/2018,08 - 09,2245,211,2456
14/06/2018,09 - 10,2530,229,2759
14/06/2018,10 - 11,2864,322,3186
14/06/2018,11 - 12,3162,396,3558
14/06/2018,12 - 13,3240,407,3647
14/06/2018,13 - 14,3630,457,4087
14/06/2018,14 - 15,3735,461,4196
14/06/2018,15 - 16,3771,464,4235
14/06/2018,16 - 17,3649,443,4092
14/06/2018,17 - 18,3378,429,3807
14/06/2018,18 - 19,3352,419,3771
14/06/2018,19 - 20,3166,486,3652
14/06/2018,20 - 21,2777,462,3239
14/06/2018,21 - 22,2267,294,2561
14/06/2018,22 - 23,1745,296,2041
14/06/2018,23 - 00,1395,342,1737
15/06/2018,00 - 01,1180,382,1562
15/06/2018,01 - 02,1108,323,1431
15/06/2018,02 - 03,1013,237,1250
15/06/2018,03 - 04,831,155,986
15/06/2018,04 - 05,798,102,900
15/06/2018,05 - 06,766,94,860
15/06/2018,06 - 07,644,98,742
15/06/2018,07 - 08,685,91,776
15/06/2018,08 - 09,849,84,933
15/06/2018,09 - 10,904,88,992
15/06/2018,10 - 11,929,97,1026
15/06/2018,11 - 12,944,105,1049
15/06/2018,12 - 13,887,106,993
15/06/2018,13 - 14,932,99,1031
15/06/2018,14 - 15,911,83,994
15/06/2018,15 - 16,812,71,883
15/06/2018,16 - 17,736,45,781
15/06/2018,17 - 18,555,25,580
15/06/2018,18 - 19,375,18,393
15/06/2018,19 - 20,308,13,321
15/06/2018,20 - 21,255,13,268
15/06/2018,21 - 22,249,5,254
15/06/2018,22 - 23,221,4,225
15/06/2018,23 - 00,240,4,244
16/06/2018,00 - 01,231,5,236
16/06/2018,01 - 02,200,5,205
16/06/2018,02 - 03,187,10,197
16/06/2018,03 - 04,161,11,172
16/06/2018,04 - 05,135,12,147
16/06/2018,05 - 06,83,9,92
16/06/2018,06 - 07,59,4,63
16/06/2018,07 - 08,69,15,84
16/06/2018,08 - 09,79,35,114
16/06/2018,09 - 10,96,70,166
16/06/2018,10 - 11,179,120,299
16/06/2018,11 - 12,251,171,422
16/06/2018,12 - 13,286,205,491
16/06/2018,13 - 14,369,269,638
16/06/2018,14 - 15,442,325,767
16/06/2018,15 - 16,460,345,805
16/06/2018,16 - 17,506,270,776
16/06/2018,17 - 18,549,207,756
16/06/2018,18 - 19,528,219,747
16/06/2018,19 - 20,561,190,751
16/06/2018,20 - 21,724,179,903
16/06/2018,21 - 22,731,126,857
16/06/2018,22 - 23,732,74,806
16/06/2018,23 - 00,707,72,779
17/06/2018,00 - 01,713,76,789
17/06/2018,01 - 02,646,53,699
17/06/2018,02 - 03,587,51,638
17/06/2018,03 - 04,512,89,601
17/06/2018,04 - 05,519,89,608
17/06/2018,05 - 06,465,43,508
17/06/2018,06 - 07,620,20,640
17/06/2018,07 - 08,722,22,744
17/06/2018,08 - 09,979,54,1033
17/06/2018,09 - 10,1150,141,1291
17/06/2018,10 - 11,1380,254,1634
17/06/2018,11 - 12,1751,411,2162
17/06/2018,12 - 13,1992,380,2372
17/06/2018,13 - 14,2318,458,2776
17/06/2018,14 - 15,1908,422,2330
17/06/2018,15 - 16,2215,357,2572
17/06/2018,16 - 17,2431,420,2851
17/06/2018,17 - 18,2142,390,2532
17/06/2018,18 - 19,2349,289,2638
17/06/2018,19 - 20,2191,240,2431
17/06/2018,20 - 21,1810,225,2035
17/06/2018,21 - 22,1442,192,1634
17/06/2018,22 - 23,1289,193,1482
17/06/2018,23 - 00,1171,175,1346
18/06/2018,00 - 01,1171,149,1320
18/06/2018,01 - 02,1046,120,1166
18/06/2018,02 - 03,966,138,1104
18/06/2018,03 - 04,940,140,1080
18/06/2018,04 - 05,886,147,1033
18/06/2018,05 - 06,837,168,1005
18/06/2018,06 - 07,887,151,1038
18/06/2018,07 - 08,1042,152,1194
18/06/2018,08 - 09,1356,173,1529
18/06/2018,09 - 10,1460,196,1656
18/06/2018,10 - 11,1949,233,2182
18/06/2018,11 - 12,2206,270,2476
18/06/2018,12 - 13,2399,309,2708
18/06/2018,13 - 14,2289,307,2596
18/06/2018,14 - 15,2229,394,2623
18/06/2018,15 - 16,2089,394,2483
18/06/2018,16 - 17,1911,467,2378
18/06/2018,17 - 18,1801,359,2160
18/06/2018,18 - 19,1729,330,2059
18/06/2018,19 - 20,1677,321,1998
18/06/2018,20 - 21,1422,279,1701
18/06/2018,21 - 22,1392,217,1609
18/06/2018,22 - 23,1427,250,1677
18/06/2018,23 - 00,1614,265,1879
19/06/2018,00 - 01,1734,330,2064
19/06/2018,01 - 02,1776,359,2135
19/06/2018,02 - 03,1758,419,2177
19/06/2018,03 - 04,1774,575,2349
19/06/2018,04 - 05,1823,458,2281
19/06/2018,05 - 06,1803,386,2189
19/06/2018,06 - 07,1914,409,2323
19/06/2018,07 - 08,1987,427,2414
19/06/2018,08 - 09,2218,488,2706
19/06/2018,09 - 10,2491,525,3016
19/06/2018,10 - 11,2586,605,3191
19/06/2018,11 - 12,2464,687,3151
19/06/2018,12 - 13,2427,665,3092
19/06/2018,13 - 14,2322,539,2861
19/06/2018,14 - 15,2348,547,2895
19/06/2018,15 - 16,2287,523,2810
19/06/2018,16 - 17,2240,493,2733
19/06/2018,17 - 18,2199,516,2715
19/06/2018,18 - 19,2322,626,2948
19/06/2018,19 - 20,2122,528,2650
19/06/2018,20 - 21,1801,423,2224
19/06/2018,21 - 22,1468,353,1821
19/06/2018,22 - 23,1236,370,1606
19/06/2018,23 - 00,1139,400,1539
20/06/2018,00 - 01,1086,348,1434
20/06/2018,01 - 02,1028,311,1339
20/06/2018,02 - 03,853,263,1116
20/06/2018,03 - 04,635,192,827
20/06/2018,04 - 05,475,107,582
20/06/2018,05 - 06,416,65,481
20/06/2018,06 - 07,500,87,587
20/06/2018,07 - 08,835,123,958
20/06/2018,08 - 09,1166,202,1368
20/06/2018,09 - 10,1462,331,1793
20/06/2018,10 - 11,2182,522,2704
20/06/2018,11 - 12,2698,693,3391
20/06/2018,12 - 13,3150,774,3924
20/06/2018,13 - 14,3440,784,4224
20/06/2018,14 - 15,3571,749,4320
20/06/2018,15 - 16,3485,732,4217
20/06/2018,16 - 17,3325,702,4027
20/06/2018,17 - 18,3070,647,3717
20/06/2018,18 - 19,2694,531,3225
20/06/2018,19 - 20,2503,436,2939
20/06/2018,20 - 21,2930,447,3377
20/06/2018,21 - 22,3087,572,3659
20/06/2018,22 - 23,2887,536,3423
20/06/2018,23 - 00,2805,430,3235
21/06/2018,00 - 01,2295,385,2680
21/06/2018,01 - 02,2143,429,2572
21/06/2018,02 - 03,2065,459,2524
21/06/2018,03 - 04,1933,433,2366
21/06/2018,04 - 05,1663,410,2073
21/06/2018,05 - 06,1587,423,2010
21/06/2018,06 - 07,1579,450,2029
21/06/2018,07 - 08,1628,380,2008
21/06/2018,08 - 09,1974,288,2262
21/06/2018,09 - 10,2292,300,2592
21/06/2018,10 - 11,2563,298,2861
21/06/2018,11 - 12,2703,321,3024
21/06/2018,12 - 13,2800,289,3089
21/06/2018,13 - 14,3059,298,3357
21/06/2018,14 - 15,3358,503,3861
21/06/2018,15 - 16,3154,563,3717
21/06/2018,16 - 17,3181,781,3962
21/06/2018,17 - 18,3247,861,4108
21/06/2018,18 - 19,3218,891,4109
21/06/2018,19 - 20,3254,928,4182
21/06/2018,20 - 21,3322,895,4217
21/06/2018,21 - 22,3041,874,3915
21/06/2018,22 - 23,2773,855,3628
21/06/2018,23 - 00,2602,840,3442
22/06/2018,00 - 01,2108,799,2907
22/06/2018,01 - 02,2047,778,2825
22/06/2018,02 - 03,1951,737,2688
22/06/2018,03 - 04,1632,642,2274
22/06/2018,04 - 05,1239,468,1707
22/06/2018,05 - 06,1686,473,2159
22/06/2018,06 - 07,1626,444,2070
22/06/2018,07 - 08,1720,415,2135
22/06/2018,08 - 09,1924,395,2319
22/06/2018,09 - 10,1993,325,2318
22/06/2018,10 - 11,2124,318,2442
22/06/2018,11 - 12,2328,354,2682
22/06/2018,12 - 13,2450,439,2889
22/06/2018,13 - 14,2554,613,3167
22/06/2018,14 - 15,2827,709,3536
22/06/2018,15 - 16,3198,810,4008
22/06/2018,16 - 17,3396,858,4254
22/06/2018,17 - 18,3356,875,4231
22/06/2018,18 - 19,3295,844,4139
22/06/2018,19 - 20,3527,843,4370
22/06/2018,20 - 21,3487,862,4349
22/06/2018,21 - 22,3440,820,4260
22/06/2018,22 - 23,3405,798,4203
22/06/2018,23 - 00,3294,813,4107
23/06/2018,00 - 01,3178,769,3947
23/06/2018,01 - 02,3179,765,3944
23/06/2018,02 - 03,3155,756,3911
23/06/2018,03 - 04,3080,744,3824
23/06/2018,04 - 05,2985,732,3717
23/06/2018,05 - 06,2847,720,3567
23/06/2018,06 - 07,2756,711,3467
23/06/2018,07 - 08,2789,741,3530
23/06/2018,08 - 09,2809,741,3550
23/06/2018,09 - 10,2717,654,3371
23/06/2018,10 - 11,2595,589,3184
23/06/2018,11 - 12,2486,614,3100
23/06/2018,12 - 13,2411,622,3033
23/06/2018,13 - 14,2378,585,2963
23/06/2018,14 - 15,2379,589,2968
23/06/2018,15 - 16,2367,609,2976
23/06/2018,16 - 17,2412,570,2982
23/06/2018,17 - 18,2450,534,2984
23/06/2018,18 - 19,2433,500,2933
23/06/2018,19 - 20,2414,501,2915
23/06/2018,20 - 21,2428,548,2976
23/06/2018,21 - 22,2347,563,2910
23/06/2018,22 - 23,2251,539,2790
23/06/2018,23 - 00,2158,514,2672
24/06/2018,00 - 01,2167,445,2612
24/06/2018,01 - 02,2088,345,2433
24/06/2018,02 - 03,1946,285,2231
24/06/2018,03 - 04,1802,262,2064
24/06/2018,04 - 05,1640,230,1870
24/06/2018,05 - 06,1449,190,1639
24/06/2018,06 - 07,1294,201,1495
24/06/2018,07 - 08,1151,201,1352
24/06/2018,08 - 09,1014,165,1179
24/06/2018,09 - 10,950,132,1082
24/06/2018,10 - 11,868,108,976
24/06/2018,11 - 12,768,71,839
24/06/2018,12 - 13,669,35,704
24/06/2018,13 - 14,664,24,688
24/06/2018,14 - 15,720,22,742
24/06/2018,15 - 16,765,33,798
24/06/2018,16 - 17,791,45,836
24/06/2018,17 - 18,783,65,848
24/06/2018,18 - 19,776,86,862
24/06/2018,19 - 20,865,96,961
24/06/2018,20 - 21,900,96,996
24/06/2018,21 - 22,842,107,949
24/06/2018,22 - 23,899,159,1058
24/06/2018,23 - 00,901,223,1124
25/06/2018,00 - 01,970,214,1184
25/06/2018,01 - 02,1010,210,1220
25/06/2018,02 - 03,1022,184,1206
25/06/2018,03 - 04,1054,139,1193
25/06/2018,04 - 05,990,141,1131
25/06/2018,05 - 06,943,108,1051
25/06/2018,06 - 07,813,77,890
25/06/2018,07 - 08,786,82,868
25/06/2018,08 - 09,898,69,967
25/06/2018,09 - 10,919,59,978
25/06/2018,10 - 11,878,101,979
25/06/2018,11 - 12,865,152,1017
25/06/2018,12 - 13,899,189,1088
25/06/2018,13 - 14,923,191,1114
25/06/2018,14 - 15,947,163,1110
25/06/2018,15 - 16,1039,148,1187
25/06/2018,16 - 17,949,175,1124
25/06/2018,17 - 18,883,229,1112
25/06/2018,18 - 19,976,248,1224
25/06/2018,19 - 20,1048,260,1308
25/06/2018,20 - 21,946,242,1188
25/06/2018,21 - 22,805,221,1026
25/06/2018,22 - 23,545,228,773
25/06/2018,23 - 00,699,206,905
26/06/2018,00 - 01,625,186,811
26/06/2018,01 - 02,509,149,658
26/06/2018,02 - 03,403,114,517
26/06/2018,03 - 04,360,93,453
26/06/2018,04 - 05,400,102,502
26/06/2018,05 - 06,310,98,408
26/06/2018,06 - 07,212,75,287
26/06/2018,07 - 08,147,43,190
26/06/2018,08 - 09,106,29,135
26/06/2018,09 - 10,96,26,122
26/06/2018,10 - 11,90,34,124
26/06/2018,11 - 12,74,69,143
26/06/2018,12 - 13,67,105,172
26/06/2018,13 - 14,85,96,181
26/06/2018,14 - 15,120,111,231
26/06/2018,15 - 16,194,92,286
26/06/2018,16 - 17,262,64,326
26/06/2018,17 - 18,246,42,288
26/06/2018,18 - 19,213,34,247
26/06/2018,19 - 20,149,25,174
26/06/2018,20 - 21,125,20,145
26/06/2018,21 - 22,94,25,119
26/06/2018,22 - 23,90,56,146
26/06/2018,23 - 00,67,64,131
27/06/2018,00 - 01,81,51,132
27/06/2018,01 - 02,49,52,101
27/06/2018,02 - 03,38,46,84
27/06/2018,03 - 04,38,38,76
27/06/2018,04 - 05,32,37,69
27/06/2018,05 - 06,28,47,75
27/06/2018,06 - 07,38,42,80
27/06/2018,07 - 08,40,34,74
27/06/2018,08 - 09,47,18,65
27/06/2018,09 - 10,65,17,82
27/06/2018,10 - 11,54,27,81
27/06/2018,11 - 12,45,43,88
27/06/2018,12 - 13,43,47,90
27/06/2018,13 - 14,47,54,101
27/06/2018,14 - 15,66,71,137
27/06/2018,15 - 16,132,110,242
27/06/2018,16 - 17,208,133,341
27/06/2018,17 - 18,178,127,305
27/06/2018,18 - 19,130,124,254
27/06/2018,19 - 20,83,103,186
27/06/2018,20 - 21,76,62,138
27/06/2018,21 - 22,70,45,115
27/06/2018,22 - 23,77,40,117
27/06/2018,23 - 00,56,45,101
28/06/2018,00 - 01,61,43,104
28/06/2018,01 - 02,64,39,103
28/06/2018,02 - 03,68,37,105
28/06/2018,03 - 04,96,30,126
28/06/2018,04 - 05,113,19,132
28/06/2018,05 - 06,117,22,139
28/06/2018,06 - 07,122,28,150
28/06/2018,07 - 08,67,25,92
28/06/2018,08 - 09,32,17,49
28/06/2018,09 - 10,49,12,61
28/06/2018,10 - 11,86,8,94
28/06/2018,11 - 12,105,16,121
28/06/2018,12 - 13,154,19,173
28/06/2018,13 - 14,192,22,214
28/06/2018,14 - 15,240,27,267
28/06/2018,15 - 16,323,33,356
28/06/2018,16 - 17,445,39,484
28/06/2018,17 - 18,561,43,604
28/06/2018,18 - 19,650,55,705
28/06/2018,19 - 20,685,49,734
28/06/2018,20 - 21,678,38,716
28/06/2018,21 - 22,894,66,960
28/06/2018,22 - 23,993,107,1100
28/06/2018,23 - 00,1072,151,1223
29/06/2018,00 - 01,1126,191,1317
29/06/2018,01 - 02,1162,203,1365
29/06/2018,02 - 03,1190,176,1366
29/06/2018,03 - 04,1279,180,1459
29/06/2018,04 - 05,1344,163,1507
29/06/2018,05 - 06,1379,153,1532
29/06/2018,06 - 07,1330,150,1480
29/06/2018,07 - 08,1260,168,1428
29/06/2018,08 - 09,1200,195,1395
29/06/2018,09 - 10,1029,178,1207
29/06/2018,10 - 11,967,196,1163
29/06/2018,11 - 12,1045,221,1266
29/06/2018,12 - 13,1114,270,1384
29/06/2018,13 - 14,1145,371,1516
29/06/2018,14 - 15,1274,351,1625
29/06/2018,15 - 16,1394,286,1680
29/06/2018,16 - 17,1381,257,1638
29/06/2018,17 - 18,1266,192,1458
29/06/2018,18 - 19,1193,169,1362
29/06/2018,19 - 20,1169,146,1315
29/06/2018,20 - 21,1061,115,1176
29/06/2018,21 - 22,999,113,1112
29/06/2018,22 - 23,1023,84,1107
29/06/2018,23 - 00,859,81,940
30/06/2018,00 - 01,784,86,870
30/06/2018,01 - 02,664,93,757
30/06/2018,02 - 03,653,86,739
30/06/2018,03 - 04,512,83,595
30/06/2018,04 - 05,451,70,521
30/06/2018,05 - 06,489,55,544
30/06/2018,06 - 07,429,29,458
30/06/2018,07 - 08,218,13,231
30/06/2018,08 - 09,127,7,134
30/06/2018,09 - 10,144,6,150
30/06/2018,10 - 11,248,8,256
30/06/2018,11 - 12,318,14,332
30/06/2018,12 - 13,371,24,395
30/06/2018,13 - 14,450,30,480
30/06/2018,14 - 15,564,34,598
30/06/2018,15 - 16,641,40,681
30/06/2018,16 - 17,718,63,781
30/06/2018,17 - 18,806,97,903
30/06/2018,18 - 19,843,114,957
30/06/2018,19 - 20,863,118,981
30/06/2018,20 - 21,781,88,869
30/06/2018,21 - 22,666,67,733
30/06/2018,22 - 23,652,89,741
30/06/2018,23 - 00,711,195,906
01/07/2018,00 - 01,847,258,1105
01/07/2018,01 - 02,627,249,876
01/07/2018,02 - 03,658,204,862
01/07/2018,03 - 04,638,146,784
01/07/2018,04 - 05,619,96,715
01/07/2018,05 - 06,589,73,662
01/07/2018,06 - 07,469,55,524
01/07/2018,07 - 08,303,32,335
01/07/2018,08 - 09,336,20,356
01/07/2018,09 - 10,413,18,431
01/07/2018,10 - 11,402,27,429
01/07/2018,11 - 12,355,44,399
01/07/2018,12 - 13,311,51,362
01/07/2018,13 - 14,312,69,381
01/07/2018,14 - 15,360,65,425
01/07/2018,15 - 16,398,75,473
01/07/2018,16 - 17,391,83,474
01/07/2018,17 - 18,419,91,510
01/07/2018,18 - 19,440,122,562
01/07/2018,19 - 20,528,79,607
01/07/2018,20 - 21,480,49,529
01/07/2018,21 - 22,425,32,457
01/07/2018,22 - 23,472,24,496
01/07/2018,23 - 00,453,19,472
02/07/2018,00 - 01,344,23,367
02/07/2018,01 - 02,219,43,262
02/07/2018,02 - 03,182,58,240
02/07/2018,03 - 04,149,81,230
02/07/2018,04 - 05,107,111,218
02/07/2018,05 - 06,89,144,233
02/07/2018,06 - 07,80,145,225
02/07/2018,07 - 08,64,153,217
02/07/2018,08 - 09,37,203,240
02/07/2018,09 - 10,67,250,317
02/07/2018,10 - 11,105,215,320
02/07/2018,11 - 12,147,156,303
02/07/2018,12 - 13,222,156,378
02/07/2018,13 - 14,326,196,522
02/07/2018,14 - 15,454,229,683
02/07/2018,15 - 16,628,278,906
02/07/2018,16 - 17,798,358,1156
02/07/2018,17 - 18,950,387,1337
02/07/2018,18 - 19,956,357,1313
02/07/2018,19 - 20,912,245,1157
02/07/2018,20 - 21,838,148,986
02/07/2018,21 - 22,748,102,850
02/07/2018,22 - 23,755,125,880
02/07/2018,23 - 00,808,120,928
03/07/2018,00 - 01,830,97,927
03/07/2018,01 - 02,851,92,943
03/07/2018,02 - 03,830,85,915
03/07/2018,03 - 04,727,64,791
03/07/2018,04 - 05,614,50,664
03/07/2018,05 - 06,564,50,614
03/07/2018,06 - 07,611,41,652
03/07/2018,07 - 08,641,27,668
03/07/2018,08 - 09,562,21,583
03/07/2018,09 - 10,487,21,508
03/07/2018,10 - 11,447,35,482
03/07/2018,11 - 12,495,112,607
03/07/2018,12 - 13,534,141,675
03/07/2018,13 - 14,540,140,680
03/07/2018,14 - 15,552,134,686
03/07/2018,15 - 16,545,131,676
03/07/2018,16 - 17,576,148,724
03/07/2018,17 - 18,546,144,690
03/07/2018,18 - 19,519,131,650
03/07/2018,19 - 20,479,115,594
03/07/2018,20 - 21,407,101,508
03/07/2018,21 - 22,340,97,437
03/07/2018,22 - 23,355,106,461
03/07/2018,23 - 00,390,100,490
04/07/2018,00 - 01,373,105,478
04/07/2018,01 - 02,342,100,442
04/07/2018,02 - 03,335,80,415
04/07/2018,03 - 04,273,61,334
04/07/2018,04 - 05,200,52,252
04/07/2018,05 - 06,135,39,174
04/07/2018,06 - 07,113,22,135
04/07/2018,07 - 08,110,14,124
04/07/2018,08 - 09,149,17,166
04/07/2018,09 - 10,136,28,164
04/07/2018,10 - 11,139,38,177
04/07/2018,11 - 12,135,47,182
04/07/2018,12 - 13,150,53,203
04/07/2018,13 - 14,188,70,258
04/07/2018,14 - 15,259,80,339
04/07/2018,15 - 16,325,82,407
04/07/2018,16 - 17,404,68,472
04/07/2018,17 - 18,431,69,500
04/07/2018,18 - 19,489,87,576
04/07/2018,19 - 20,578,86,664
04/07/2018,20 - 21,567,91,658
04/07/2018,21 - 22,560,85,645
04/07/2018,22 - 23,706,84,790
04/07/2018,23 - 00,671,87,758
05/07/2018,00 - 01,608,111,719
05/07/2018,01 - 02,502,112,614
05/07/2018,02 - 03,479,109,588
05/07/2018,03 - 04,505,133,638
05/07/2018,04 - 05,563,150,713
05/07/2018,05 - 06,566,141,707
05/07/2018,06 - 07,592,137,729
05/07/2018,07 - 08,560,144,704
05/07/2018,08 - 09,513,132,645
05/07/2018,09 - 10,514,116,630
05/07/2018,10 - 11,541,153,694
05/07/2018,11 - 12,522,200,722
05/07/2018,12 - 13,619,221,840
05/07/2018,13 - 14,858,248,1106
05/07/2018,14 - 15,1073,269,1342
05/07/2018,15 - 16,1187,286,1473
05/07/2018,16 - 17,1242,289,1531
05/07/2018,17 - 18,1400,339,1739
05/07/2018,18 - 19,1448,348,1796
05/07/2018,19 - 20,1481,394,1875
05/07/2018,20 - 21,1388,400,1788
05/07/2018,21 - 22,1493,390,1883
05/07/2018,22 - 23,1458,351,1809
05/07/2018,23 - 00,1547,292,1839
06/07/2018,00 - 01,1641,315,1956
06/07/2018,01 - 02,1855,311,2166
06/07/2018,02 - 03,2118,359,2477
06/07/2018,03 - 04,2196,391,2587
06/07/2018,04 - 05,2262,433,2695
06/07/2018,05 - 06,2220,469,2689
06/07/2018,06 - 07,2255,541,2796
06/07/2018,07 - 08,2386,621,3007
06/07/2018,08 - 09,2659,651,3310
06/07/2018,09 - 10,2483,660,3143
06/07/2018,10 - 11,2421,687,3108
06/07/2018,11 - 12,2470,675,3145
06/07/2018,12 - 13,2837,689,3526
06/07/2018,13 - 14,2798,701,3499
06/07/2018,14 - 15,2811,714,3525
06/07/2018,15 - 16,2873,746,3619
06/07/2018,16 - 17,3015,756,3771
06/07/2018,17 - 18,3065,776,3841
06/07/2018,18 - 19,2934,795,3729
06/07/2018,19 - 20,2782,767,3549
06/07/2018,20 - 21,2628,740,3368
06/07/2018,21 - 22,2478,696,3174
06/07/2018,22 - 23,2408,641,3049
06/07/2018,23 - 00,2460,592,3052
07/07/2018,00 - 01,2521,568,3089
07/07/2018,01 - 02,2585,578,3163
07/07/2018,02 - 03,2657,557,3214
07/07/2018,03 - 04,2688,573,3261
07/07/2018,04 - 05,2612,599,3211
07/07/2018,05 - 06,2547,621,3168
07/07/2018,06 - 07,2567,645,3212
07/07/2018,07 - 08,2723,676,3399
07/07/2018,08 - 09,2738,686,3424
07/07/2018,09 - 10,2573,670,3243
07/07/2018,10 - 11,2494,617,3111
07/07/2018,11 - 12,2291,572,2863
07/07/2018,12 - 13,2067,595,2662
07/07/2018,13 - 14,2009,612,2621
07/07/2018,14 - 15,1973,599,2572
07/07/2018,15 - 16,1933,587,2520
07/07/2018,16 - 17,1822,560,2382
07/07/2018,17 - 18,1766,544,2310
07/07/2018,18 - 19,1673,538,2211
07/07/2018,19 - 20,1579,518,2097
07/07/2018,20 - 21,1432,498,1930
07/07/2018,21 - 22,1373,510,1883
07/07/2018,22 - 23,1313,492,1805
07/07/2018,23 - 00,1367,491,1858
08/07/2018,00 - 01,1337,462,1799
08/07/2018,01 - 02,1185,395,1580
08/07/2018,02 - 03,1036,316,1352
08/07/2018,03 - 04,1005,257,1262
08/07/2018,04 - 05,932,219,1151
08/07/2018,05 - 06,836,167,1003
08/07/2018,06 - 07,686,99,785
08/07/2018,07 - 08,595,90,685
08/07/2018,08 - 09,593,83,676
08/07/2018,09 - 10,497,78,575
08/07/2018,10 - 11,442,69,511
08/07/2018,11 - 12,430,59,489
08/07/2018,12 - 13,495,79,574
08/07/2018,13 - 14,640,95,735
08/07/2018,14 - 15,787,118,905
08/07/2018,15 - 16,1044,141,1185
08/07/2018,16 - 17,1315,155,1470
08/07/2018,17 - 18,1415,160,1575
08/07/2018,18 - 19,1492,172,1664
08/07/2018,19 - 20,1642,233,1875
08/07/2018,20 - 21,1734,357,2091
08/07/2018,21 - 22,1609,429,2038
08/07/2018,22 - 23,1705,469,2174
08/07/2018,23 - 00,1807,443,2250
09/07/2018,00 - 01,1947,352,2299
09/07/2018,01 - 02,2130,313,2443
09/07/2018,02 - 03,2446,326,2772
09/07/2018,03 - 04,2726,363,3089
09/07/2018,04 - 05,2918,389,3307
09/07/2018,05 - 06,3029,454,3483
09/07/2018,06 - 07,3044,517,3561
09/07/2018,07 - 08,3142,517,3659
09/07/2018,08 - 09,3020,637,3657
09/07/2018,09 - 10,3215,670,3885
09/07/2018,10 - 11,3099,677,3776
09/07/2018,11 - 12,2957,682,3639
09/07/2018,12 - 13,2762,659,3421
09/07/2018,13 - 14,2623,686,3309
09/07/2018,14 - 15,2527,656,3183
09/07/2018,15 - 16,2490,681,3171
09/07/2018,16 - 17,2534,670,3204
09/07/2018,17 - 18,2409,654,3063
09/07/2018,18 - 19,2202,656,2858
09/07/2018,19 - 20,1829,592,2421
09/07/2018,20 - 21,1366,593,1959
09/07/2018,21 - 22,1014,492,1506
09/07/2018,22 - 23,933,359,1292
09/07/2018,23 - 00,944,171,1115
10/07/2018,00 - 01,1011,83,1094
10/07/2018,01 - 02,933,44,977
10/07/2018,02 - 03,992,36,1028
10/07/2018,03 - 04,1037,55,1092
10/07/2018,04 - 05,1345,38,1383
10/07/2018,05 - 06,1498,21,1519
10/07/2018,06 - 07,1379,15,1394
10/07/2018,07 - 08,1377,17,1394
10/07/2018,08 - 09,1386,24,1410
10/07/2018,09 - 10,1370,34,1404
10/07/2018,10 - 11,1450,51,1501
10/07/2018,11 - 12,1504,93,1597
10/07/2018,12 - 13,1560,136,1696
10/07/2018,13 - 14,1446,190,1636
10/07/2018,14 - 15,1265,227,1492
10/07/2018,15 - 16,1014,209,1223
10/07/2018,16 - 17,772,160,932
10/07/2018,17 - 18,524,112,636
10/07/2018,18 - 19,362,54,416
10/07/2018,19 - 20,251,89,340
10/07/2018,20 - 21,161,211,372
10/07/2018,21 - 22,160,340,500
10/07/2018,22 - 23,200,290,490
10/07/2018,23 - 00,249,220,469
11/07/2018,00 - 01,269,208,477
11/07/2018,01 - 02,247,209,456
11/07/2018,02 - 03,334,201,535
11/07/2018,03 - 04,405,198,603
11/07/2018,04 - 05,446,217,663
11/07/2018,05 - 06,437,227,664
11/07/2018,06 - 07,397,269,666
11/07/2018,07 - 08,250,306,556
11/07/2018,08 - 09,151,286,437
11/07/2018,09 - 10,183,272,455
11/07/2018,10 - 11,305,280,585
11/07/2018,11 - 12,433,248,681
11/07/2018,12 - 13,519,266,785
11/07/2018,13 - 14,612,219,831
11/07/2018,14 - 15,679,188,867
11/07/2018,15 - 16,769,116,885
11/07/2018,16 - 17,886,94,980
11/07/2018,17 - 18,908,67,975
11/07/2018,18 - 19,841,61,902
11/07/2018,19 - 20,707,58,765
11/07/2018,20 - 21,549,52,601
11/07/2018,21 - 22,385,66,451
11/07/2018,22 - 23,237,45,282
11/07/2018,23 - 00,145,61,206
12/07/2018,00 - 01,99,48,147
12/07/2018,01 - 02,62,43,105
12/07/2018,02 - 03,56,60,116
12/07/2018,03 - 04,79,86,165
12/07/2018,04 - 05,104,84,188
12/07/2018,05 - 06,136,70,206
12/07/2018,06 - 07,163,45,208
12/07/2018,07 - 08,174,30,204
12/07/2018,08 - 09,138,31,169
12/07/2018,09 - 10,89,37,126
12/07/2018,10 - 11,57,63,120
12/07/2018,11 - 12,75,86,161
12/07/2018,12 - 13,99,102,201
12/07/2018,13 - 14,156,122,278
12/07/2018,14 - 15,217,96,313
12/07/2018,15 - 16,343,95,438
12/07/2018,16 - 17,379,109,488
12/07/2018,17 - 18,402,107,509
12/07/2018,18 - 19,410,77,487
12/07/2018,19 - 20,369,65,434
12/07/2018,20 - 21,340,62,402
12/07/2018,21 - 22,327,65,392
12/07/2018,22 - 23,363,94,457
12/07/2018,23 - 00,400,149,549
13/07/2018,00 - 01,420,235,655
13/07/2018,01 - 02,458,143,601
13/07/2018,02 - 03,575,177,752
13/07/2018,03 - 04,651,234,885
13/07/2018,04 - 05,692,260,952
13/07/2018,05 - 06,728,306,1034
13/07/2018,06 - 07,678,305,983
13/07/2018,07 - 08,677,268,945
13/07/2018,08 - 09,658,176,834
13/07/2018,09 - 10,650,123,773
13/07/2018,10 - 11,692,97,789
13/07/2018,11 - 12,795,125,920
13/07/2018,12 - 13,900,165,1065
13/07/2018,13 - 14,1019,167,1186
13/07/2018,14 - 15,1143,202,1345
13/07/2018,15 - 16,1237,261,1498
13/07/2018,16 - 17,1382,332,1714
13/07/2018,17 - 18,1447,376,1823
13/07/2018,18 - 19,1404,440,1844
13/07/2018,19 - 20,1488,482,1970
13/07/2018,20 - 21,1448,413,1861
13/07/2018,21 - 22,1318,383,1701
13/07/2018,22 - 23,1223,361,1584
13/07/2018,23 - 00,1269,368,1637
14/07/2018,00 - 01,1284,388,1672
14/07/2018,01 - 02,1217,333,1550
14/07/2018,02 - 03,1142,297,1439
14/07/2018,03 - 04,1085,250,1335
14/07/2018,04 - 05,1065,213,1278
14/07/2018,05 - 06,939,197,1136
14/07/2018,06 - 07,881,175,1056
14/07/2018,07 - 08,892,154,1046
14/07/2018,08 - 09,953,147,1100
14/07/2018,09 - 10,968,135,1103
14/07/2018,10 - 11,894,131,1025
14/07/2018,11 - 12,911,181,1092
14/07/2018,12 - 13,1021,205,1226
14/07/2018,13 - 14,1129,232,1361
14/07/2018,14 - 15,1183,182,1365
14/07/2018,15 - 16,1353,198,1551
14/07/2018,16 - 17,1482,190,1672
14/07/2018,17 - 18,1477,187,1664
14/07/2018,18 - 19,1449,196,1645
14/07/2018,19 - 20,1277,210,1487
14/07/2018,20 - 21,1060,178,1238
14/07/2018,21 - 22,964,160,1124
14/07/2018,22 - 23,954,188,1142
14/07/2018,23 - 00,1010,218,1228
15/07/2018,00 - 01,1014,193,1207
15/07/2018,01 - 02,918,175,1093
15/07/2018,02 - 03,758,163,921
15/07/2018,03 - 04,779,126,905
15/07/2018,04 - 05,760,103,863
15/07/2018,05 - 06,678,84,762
15/07/2018,06 - 07,601,56,657
15/07/2018,07 - 08,538,40,578
15/07/2018,08 - 09,531,35,566
15/07/2018,09 - 10,512,28,540
15/07/2018,10 - 11,437,26,463
15/07/2018,11 - 12,352,27,379
15/07/2018,12 - 13,334,46,380
15/07/2018,13 - 14,314,63,377
15/07/2018,14 - 15,324,81,405
15/07/2018,15 - 16,328,81,409
15/07/2018,16 - 17,318,72,390
15/07/2018,17 - 18,279,70,349
15/07/2018,18 - 19,256,66,322
15/07/2018,19 - 20,209,53,262
15/07/2018,20 - 21,134,39,173
15/07/2018,21 - 22,85,26,111
15/07/2018,22 - 23,86,25,111
15/07/2018,23 - 00,80,35,115
16/07/2018,00 - 01,61,32,93
16/07/2018,01 - 02,55,25,80
16/07/2018,02 - 03,62,24,86
16/07/2018,03 - 04,57,23,80
16/07/2018,04 - 05,60,59,119
16/07/2018,05 - 06,68,69,137
16/07/2018,06 - 07,61,65,126
16/07/2018,07 - 08,33,59,92
16/07/2018,08 - 09,21,44,65
16/07/2018,09 - 10,26,45,71
16/07/2018,10 - 11,27,45,72
16/07/2018,11 - 12,37,48,85
16/07/2018,12 - 13,59,60,119
16/07/2018,13 - 14,107,57,164
16/07/2018,14 - 15,156,59,215
16/07/2018,15 - 16,227,61,288
16/07/2018,16 - 17,321,55,376
16/07/2018,17 - 18,388,50,438
16/07/2018,18 - 19,430,44,474
16/07/2018,19 - 20,454,34,488
16/07/2018,20 - 21,391,31,422
16/07/2018,21 - 22,364,27,391
16/07/2018,22 - 23,345,22,367
16/07/2018,23 - 00,344,19,363
17/07/2018,00 - 01,339,20,359
17/07/2018,01 - 02,308,12,320
17/07/2018,02 - 03,245,9,254
17/07/2018,03 - 04,168,7,175
17/07/2018,04 - 05,129,6,135
17/07/2018,05 - 06,121,7,128
17/07/2018,06 - 07,128,9,137
17/07/2018,07 - 08,83,8,91
17/07/2018,08 - 09,34,5,39
17/07/2018,09 - 10,28,4,32
17/07/2018,10 - 11,13,4,17
17/07/2018,11 - 12,14,7,21
17/07/2018,12 - 13,36,14,50
17/07/2018,13 - 14,74,21,95
17/07/2018,14 - 15,96,23,119
17/07/2018,15 - 16,176,24,200
17/07/2018,16 - 17,315,43,358
17/07/2018,17 - 18,289,32,321
17/07/2018,18 - 19,240,19,259
17/07/2018,19 - 20,224,16,240
17/07/2018,20 - 21,107,10,117
17/07/2018,21 - 22,82,10,92
17/07/2018,22 - 23,143,10,153
17/07/2018,23 - 00,221,10,231
18/07/2018,00 - 01,236,15,251
18/07/2018,01 - 02,281,22,303
18/07/2018,02 - 03,240,38,278
18/07/2018,03 - 04,233,105,338
18/07/2018,04 - 05,267,141,408
18/07/2018,05 - 06,251,221,472
18/07/2018,06 - 07,253,277,530
18/07/2018,07 - 08,286,306,592
18/07/2018,08 - 09,442,291,733
18/07/2018,09 - 10,566,209,775
18/07/2018,10 - 11,637,215,852
18/07/2018,11 - 12,661,253,914
18/07/2018,12 - 13,740,268,1008
18/07/2018,13 - 14,875,307,1182
18/07/2018,14 - 15,960,333,1293
18/07/2018,15 - 16,1052,377,1429
18/07/2018,16 - 17,1096,408,1504
18/07/2018,17 - 18,1072,417,1489
18/07/2018,18 - 19,1273,396,1669
18/07/2018,19 - 20,1280,431,1711
18/07/2018,20 - 21,1067,426,1493
18/07/2018,21 - 22,896,454,1350
18/07/2018,22 - 23,824,386,1210
18/07/2018,23 - 00,864,360,1224
19/07/2018,00 - 01,814,355,1169
19/07/2018,01 - 02,727,342,1069
19/07/2018,02 - 03,744,330,1074
19/07/2018,03 - 04,733,311,1044
19/07/2018,04 - 05,712,266,978
19/07/2018,05 - 06,712,233,945
19/07/2018,06 - 07,670,238,908
19/07/2018,07 - 08,668,219,887
19/07/2018,08 - 09,797,241,1038
19/07/2018,09 - 10,787,266,1053
19/07/2018,10 - 11,770,227,997
19/07/2018,11 - 12,792,218,1010
19/07/2018,12 - 13,819,258,1077
19/07/2018,13 - 14,890,243,1133
19/07/2018,14 - 15,974,173,1147
19/07/2018,15 - 16,982,117,1099
19/07/2018,16 - 17,1038,112,1150
19/07/2018,17 - 18,1093,102,1195
19/07/2018,18 - 19,1154,115,1269
19/07/2018,19 - 20,1158,119,1277
19/07/2018,20 - 21,1078,135,1213
19/07/2018,21 - 22,881,184,1065
19/07/2018,22 - 23,879,227,1106
19/07/2018,23 - 00,819,240,1059
20/07/2018,00 - 01,738,201,939
20/07/2018,01 - 02,777,169,946
20/07/2018,02 - 03,806,154,960
20/07/2018,03 - 04,785,144,929
20/07/2018,04 - 05,839,134,973
20/07/2018,05 - 06,837,146,983
20/07/2018,06 - 07,783,124,907
20/07/2018,07 - 08,782,116,898
20/07/2018,08 - 09,942,120,1062
20/07/2018,09 - 10,990,114,1104
20/07/2018,10 - 11,898,122,1020
20/07/2018,11 - 12,949,161,1110
20/07/2018,12 - 13,1077,215,1292
20/07/2018,13 - 14,1081,244,1325
20/07/2018,14 - 15,966,229,1195
20/07/2018,15 - 16,888,195,1083
20/07/2018,16 - 17,766,157,923
20/07/2018,17 - 18,719,139,858
20/07/2018,18 - 19,695,105,800
20/07/2018,19 - 20,593,62,655
20/07/2018,20 - 21,416,41,457
20/07/2018,21 - 22,394,22,416
20/07/2018,22 - 23,443,18,461
20/07/2018,23 - 00,433,13,446
21/07/2018,00 - 01,406,13,419
21/07/2018,01 - 02,374,16,390
21/07/2018,02 - 03,327,20,347
21/07/2018,03 - 04,307,19,326
21/07/2018,04 - 05,299,17,316
21/07/2018,05 - 06,272,14,286
21/07/2018,06 - 07,252,12,264
21/07/2018,07 - 08,231,8,239
21/07/2018,08 - 09,260,8,268
21/07/2018,09 - 10,325,10,335
21/07/2018,10 - 11,372,15,387
21/07/2018,11 - 12,441,26,467
21/07/2018,12 - 13,536,30,566
21/07/2018,13 - 14,583,37,620
21/07/2018,14 - 15,649,44,693
21/07/2018,15 - 16,676,40,716
21/07/2018,16 - 17,672,40,712
21/07/2018,17 - 18,590,35,625
21/07/2018,18 - 19,547,26,573
21/07/2018,19 - 20,444,24,468
21/07/2018,20 - 21,317,20,337
21/07/2018,21 - 22,269,23,292
21/07/2018,22 - 23,305,24,329
21/07/2018,23 - 00,347,21,368
22/07/2018,00 - 01,341,16,357
22/07/2018,01 - 02,277,13,290
22/07/2018,02 - 03,273,19,292
22/07/2018,03 - 04,296,13,309
22/07/2018,04 - 05,317,4,321
22/07/2018,05 - 06,359,3,362
22/07/2018,06 - 07,375,3,378
22/07/2018,07 - 08,397,4,401
22/07/2018,08 - 09,491,8,499
22/07/2018,09 - 10,537,7,544
22/07/2018,10 - 11,555,8,563
22/07/2018,11 - 12,572,11,583
22/07/2018,12 - 13,648,16,664
22/07/2018,13 - 14,690,20,710
22/07/2018,14 - 15,715,23,738
22/07/2018,15 - 16,737,32,769
22/07/2018,16 - 17,845,41,886
22/07/2018,17 - 18,872,43,915
22/07/2018,18 - 19,848,53,901
22/07/2018,19 - 20,752,79,831
22/07/2018,20 - 21,654,126,780
22/07/2018,21 - 22,598,175,773
22/07/2018,22 - 23,547,217,764
22/07/2018,23 - 00,538,191,729
23/07/2018,00 - 01,576,139,715
23/07/2018,01 - 02,627,123,750
23/07/2018,02 - 03,621,121,742
23/07/2018,03 - 04,585,123,708
23/07/2018,04 - 05,622,126,748
23/07/2018,05 - 06,653,124,777
23/07/2018,06 - 07,712,133,845
23/07/2018,07 - 08,800,114,914
23/07/2018,08 - 09,877,101,978
23/07/2018,09 - 10,884,78,962
23/07/2018,10 - 11,836,106,942
23/07/2018,11 - 12,677,135,812
23/07/2018,12 - 13,681,156,837
23/07/2018,13 - 14,710,135,845
23/07/2018,14 - 15,678,131,809
23/07/2018,15 - 16,811,148,959
23/07/2018,16 - 17,929,139,1068
23/07/2018,17 - 18,999,112,1111
23/07/2018,18 - 19,853,89,942
23/07/2018,19 - 20,603,69,672
23/07/2018,20 - 21,481,49,530
23/07/2018,21 - 22,395,55,450
23/07/2018,22 - 23,395,58,453
23/07/2018,23 - 00,336,51,387
24/07/2018,00 - 01,293,41,334
24/07/2018,01 - 02,260,28,288
24/07/2018,02 - 03,237,14,251
24/07/2018,03 - 04,235,9,244
24/07/2018,04 - 05,212,5,217
24/07/2018,05 - 06,189,5,194
24/07/2018,06 - 07,160,5,165
24/07/2018,07 - 08,141,3,144
24/07/2018,08 - 09,112,4,116
24/07/2018,09 - 10,101,6,107
24/07/2018,10 - 11,69,8,77
24/07/2018,11 - 12,87,9,96
24/07/2018,12 - 13,115,15,130
24/07/2018,13 - 14,124,20,144
24/07/2018,14 - 15,148,27,175
24/07/2018,15 - 16,177,24,201
24/07/2018,16 - 17,196,20,216
24/07/2018,17 - 18,211,15,226
24/07/2018,18 - 19,190,17,207
24/07/2018,19 - 20,155,10,165
24/07/2018,20 - 21,103,5,108
24/07/2018,21 - 22,58,4,62
24/07/2018,22 - 23,41,3,44
24/07/2018,23 - 00,46,3,49
25/07/2018,00 - 01,74,3,77
25/07/2018,01 - 02,100,3,103
25/07/2018,02 - 03,86,3,89
25/07/2018,03 - 04,120,4,124
25/07/2018,04 - 05,148,5,153
25/07/2018,05 - 06,149,4,153
25/07/2018,06 - 07,113,5,118
25/07/2018,07 - 08,70,2,72
25/07/2018,08 - 09,44,2,46
25/07/2018,09 - 10,51,3,54
25/07/2018,10 - 11,79,4,83
25/07/2018,11 - 12,92,9,101
25/07/2018,12 - 13,90,15,105
25/07/2018,13 - 14,112,21,133
25/07/2018,14 - 15,153,25,178
25/07/2018,15 - 16,301,28,329
25/07/2018,16 - 17,512,28,540
25/07/2018,17 - 18,537,23,560
25/07/2018,18 - 19,502,27,529
25/07/2018,19 - 20,506,41,547
25/07/2018,20 - 21,503,58,561
25/07/2018,21 - 22,482,47,529
25/07/2018,22 - 23,416,29,445
25/07/2018,23 - 00,417,34,451
26/07/2018,00 - 01,396,38,434
26/07/2018,01 - 02,377,49,426
26/07/2018,02 - 03,390,73,463
26/07/2018,03 - 04,381,68,449
26/07/2018,04 - 05,379,75,454
26/07/2018,05 - 06,368,79,447
26/07/2018,06 - 07,317,88,405
26/07/2018,07 - 08,223,70,293
26/07/2018,08 - 09,157,53,210
26/07/2018,09 - 10,153,44,197
26/07/2018,10 - 11,116,44,160
26/07/2018,11 - 12,96,44,140
26/07/2018,12 - 13,87,54,141
26/07/2018,13 - 14,87,59,146
26/07/2018,14 - 15,87,69,156
26/07/2018,15 - 16,110,55,165
26/07/2018,16 - 17,129,48,177
26/07/2018,17 - 18,165,46,211
26/07/2018,18 - 19,250,52,302
26/07/2018,19 - 20,348,59,407
26/07/2018,20 - 21,411,50,461
26/07/2018,21 - 22,588,41,629
26/07/2018,22 - 23,771,49,820
26/07/2018,23 - 00,830,67,897
27/07/2018,00 - 01,822,101,923
27/07/2018,01 - 02,844,99,943
27/07/2018,02 - 03,894,84,978
27/07/2018,03 - 04,931,75,1006
27/07/2018,04 - 05,986,77,1063
27/07/2018,05 - 06,947,78,1025
27/07/2018,06 - 07,797,88,885
27/07/2018,07 - 08,560,91,651
27/07/2018,08 - 09,419,111,530
27/07/2018,09 - 10,370,154,524
27/07/2018,10 - 11,317,240,557
27/07/2018,11 - 12,400,274,674
27/07/2018,12 - 13,517,333,850
27/07/2018,13 - 14,594,368,962
27/07/2018,14 - 15,737,408,1145
27/07/2018,15 - 16,905,479,1384
27/07/2018,16 - 17,1033,567,1600
27/07/2018,17 - 18,1152,591,1743
27/07/2018,18 - 19,1259,600,1859
27/07/2018,19 - 20,1294,577,1871
27/07/2018,20 - 21,1339,522,1861
27/07/2018,21 - 22,1228,495,1723
27/07/2018,22 - 23,1254,459,1713
27/07/2018,23 - 00,1361,431,1792
28/07/2018,00 - 01,1306,460,1766
28/07/2018,01 - 02,1178,440,1618
28/07/2018,02 - 03,1145,359,1504
28/07/2018,03 - 04,1207,355,1562
28/07/2018,04 - 05,1395,361,1756
28/07/2018,05 - 06,1550,337,1887
28/07/2018,06 - 07,1680,334,2014
28/07/2018,07 - 08,1759,328,2087
28/07/2018,08 - 09,2005,353,2358
28/07/2018,09 - 10,2177,365,2542
28/07/2018,10 - 11,2285,335,2620
28/07/2018,11 - 12,2356,337,2693
28/07/2018,12 - 13,2351,360,2711
28/07/2018,13 - 14,2357,384,2741
28/07/2018,14 - 15,2222,412,2634
28/07/2018,15 - 16,2230,473,2703
28/07/2018,16 - 17,1856,500,2356
28/07/2018,17 - 18,1604,467,2071
28/07/2018,18 - 19,1111,431,1542
28/07/2018,19 - 20,701,425,1126
28/07/2018,20 - 21,428,197,625
28/07/2018,21 - 22,500,89,589
28/07/2018,22 - 23,430,20,450
28/07/2018,23 - 00,341,6,347
29/07/2018,00 - 01,394,27,421
29/07/2018,01 - 02,513,141,654
29/07/2018,02 - 03,535,172,707
29/07/2018,03 - 04,544,305,849
29/07/2018,04 - 05,486,297,783
29/07/2018,05 - 06,455,268,723
29/07/2018,06 - 07,381,194,575
29/07/2018,07 - 08,292,100,392
29/07/2018,08 - 09,238,61,299
29/07/2018,09 - 10,330,58,388
29/07/2018,10 - 11,361,47,408
29/07/2018,11 - 12,336,25,361
29/07/2018,12 - 13,378,13,391
29/07/2018,13 - 14,340,10,350
29/07/2018,14 - 15,256,13,269
29/07/2018,15 - 16,254,17,271
29/07/2018,16 - 17,251,18,269
29/07/2018,17 - 18,390,23,413
29/07/2018,18 - 19,525,25,550
29/07/2018,19 - 20,648,37,685
29/07/2018,20 - 21,679,71,750
29/07/2018,21 - 22,794,86,880
29/07/2018,22 - 23,845,133,978
29/07/2018,23 - 00,814,184,998
30/07/2018,00 - 01,804,221,1025
30/07/2018,01 - 02,758,187,945
30/07/2018,02 - 03,770,184,954
30/07/2018,03 - 04,826,197,1023
30/07/2018,04 - 05,831,155,986
30/07/2018,05 - 06,801,142,943
30/07/2018,06 - 07,633,120,753
30/07/2018,07 - 08,449,103,552
30/07/2018,08 - 09,364,92,456
30/07/2018,09 - 10,257,98,355
30/07/2018,10 - 11,260,105,365
30/07/2018,11 - 12,292,104,396
30/07/2018,12 - 13,253,112,365
30/07/2018,13 - 14,265,115,380
30/07/2018,14 - 15,240,137,377
30/07/2018,15 - 16,292,190,482
30/07/2018,16 - 17,299,232,531
30/07/2018,17 - 18,199,241,440
30/07/2018,18 - 19,132,186,318
30/07/2018,19 - 20,92,156,248
30/07/2018,20 - 21,70,167,237
30/07/2018,21 - 22,110,182,292
30/07/2018,22 - 23,297,228,525
30/07/2018,23 - 00,595,263,858
31/07/2018,00 - 01,879,299,1178
31/07/2018,01 - 02,980,273,1253
31/07/2018,02 - 03,1084,228,1312
31/07/2018,03 - 04,1176,236,1412
31/07/2018,04 - 05,1180,241,1421
31/07/2018,05 - 06,958,250,1208
31/07/2018,06 - 07,846,246,1092
31/07/2018,07 - 08,611,217,828
31/07/2018,08 - 09,526,187,713
31/07/2018,09 - 10,556,195,751
31/07/2018,10 - 11,602,255,857
31/07/2018,11 - 12,626,328,954
31/07/2018,12 - 13,715,396,1111
31/07/2018,13 - 14,787,444,1231
31/07/2018,14 - 15,866,475,1341
31/07/2018,15 - 16,1178,486,1664
31/07/2018,16 - 17,1752,477,2229
31/07/2018,17 - 18,1863,443,2306
31/07/2018,18 - 19,1171,224,1395
31/07/2018,19 - 20,687,94,781
31/07/2018,20 - 21,344,70,414
31/07/2018,21 - 22,199,105,304
31/07/2018,22 - 23,160,183,343
31/07/2018,23 - 00,158,167,325
01/08/2018,00 - 01,157,142,299
01/08/2018,01 - 02,132,176,308
01/08/2018,02 - 03,132,169,301
01/08/2018,03 - 04,169,115,284
01/08/2018,04 - 05,175,86,261
01/08/2018,05 - 06,191,70,261
01/08/2018,06 - 07,155,72,227
01/08/2018,07 - 08,132,87,219
01/08/2018,08 - 09,60,90,150
01/08/2018,09 - 10,63,78,141
01/08/2018,10 - 11,89,57,146
01/08/2018,11 - 12,75,51,126
01/08/2018,12 - 13,57,50,107
01/08/2018,13 - 14,53,50,103
01/08/2018,14 - 15,81,64,145
01/08/2018,15 - 16,124,84,208
01/08/2018,16 - 17,145,100,245
01/08/2018,17 - 18,135,98,233
01/08/2018,18 - 19,131,70,201
01/08/2018,19 - 20,86,40,126
01/08/2018,20 - 21,48,15,63
01/08/2018,21 - 22,35,4,39
01/08/2018,22 - 23,33,4,37
01/08/2018,23 - 00,31,3,34
02/08/2018,00 - 01,22,4,26
02/08/2018,01 - 02,15,7,22
02/08/2018,02 - 03,14,9,23
02/08/2018,03 - 04,14,12,26
02/08/2018,04 - 05,13,8,21
02/08/2018,05 - 06,14,7,21
02/08/2018,06 - 07,10,4,14
02/08/2018,07 - 08,11,3,14
02/08/2018,08 - 09,19,5,24
02/08/2018,09 - 10,26,7,33
02/08/2018,10 - 11,64,16,80
02/08/2018,11 - 12,126,20,146
02/08/2018,12 - 13,212,43,255
02/08/2018,13 - 14,288,56,344
02/08/2018,14 - 15,262,67,329
02/08/2018,15 - 16,241,99,340
02/08/2018,16 - 17,199,80,279
02/08/2018,17 - 18,146,63,209
02/08/2018,18 - 19,127,45,172
02/08/2018,19 - 20,102,30,132
02/08/2018,20 - 21,52,15,67
02/08/2018,21 - 22,37,10,47
02/08/2018,22 - 23,28,11,39
02/08/2018,23 - 00,30,13,43
03/08/2018,00 - 01,33,16,49
03/08/2018,01 - 02,62,15,77
03/08/2018,02 - 03,77,20,97
03/08/2018,03 - 04,85,23,108
03/08/2018,04 - 05,71,11,82
03/08/2018,05 - 06,62,5,67
03/08/2018,06 - 07,53,4,57
03/08/2018,07 - 08,43,3,46
03/08/2018,08 - 09,56,2,58
03/08/2018,09 - 10,129,5,134
03/08/2018,10 - 11,153,12,165
03/08/2018,11 - 12,160,22,182
03/08/2018,12 - 13,187,28,215
03/08/2018,13 - 14,210,31,241
03/08/2018,14 - 15,233,30,263
03/08/2018,15 - 16,332,32,364
03/08/2018,16 - 17,428,31,459
03/08/2018,17 - 18,510,29,539
03/08/2018,18 - 19,468,26,494
03/08/2018,19 - 20,469,23,492
03/08/2018,20 - 21,451,19,470
03/08/2018,21 - 22,384,15,399
03/08/2018,22 - 23,234,23,257
03/08/2018,23 - 00,235,49,284
04/08/2018,00 - 01,346,92,438
04/08/2018,01 - 02,450,72,522
04/08/2018,02 - 03,537,96,633
04/08/2018,03 - 04,666,147,813
04/08/2018,04 - 05,632,127,759
04/08/2018,05 - 06,566,91,657
04/08/2018,06 - 07,602,52,654
04/08/2018,07 - 08,646,34,680
04/08/2018,08 - 09,733,42,775
04/08/2018,09 - 10,797,76,873
04/08/2018,10 - 11,937,97,1034
04/08/2018,11 - 12,1161,84,1245
04/08/2018,12 - 13,1357,158,1515
04/08/2018,13 - 14,1351,203,1554
04/08/2018,14 - 15,1446,211,1657
04/08/2018,15 - 16,1608,202,1810
04/08/2018,16 - 17,1539,182,1721
04/08/2018,17 - 18,1464,198,1662
04/08/2018,18 - 19,1696,237,1933
04/08/2018,19 - 20,1982,312,2294
04/08/2018,20 - 21,1924,340,2264
04/08/2018,21 - 22,1872,452,2324
04/08/2018,22 - 23,2050,385,2435
04/08/2018,23 - 00,2341,439,2780
05/08/2018,00 - 01,2238,383,2621
05/08/2018,01 - 02,2104,409,2513
05/08/2018,02 - 03,2241,477,2718
05/08/2018,03 - 04,2482,467,2949
05/08/2018,04 - 05,2401,495,2896
05/08/2018,05 - 06,2262,570,2832
05/08/2018,06 - 07,2275,501,2776
05/08/2018,07 - 08,2388,496,2884
05/08/2018,08 - 09,2554,544,3098
05/08/2018,09 - 10,2495,544,3039
05/08/2018,10 - 11,2530,484,3014
05/08/2018,11 - 12,2460,459,2919
05/08/2018,12 - 13,2442,587,3029
05/08/2018,13 - 14,2496,653,3149
05/08/2018,14 - 15,2619,691,3310
05/08/2018,15 - 16,2606,757,3363
05/08/2018,16 - 17,2662,743,3405
05/08/2018,17 - 18,2591,747,3338
05/08/2018,18 - 19,2186,664,2850
05/08/2018,19 - 20,2126,642,2768
05/08/2018,20 - 21,1842,575,2417
05/08/2018,21 - 22,1665,454,2119
05/08/2018,22 - 23,1501,405,1906
05/08/2018,23 - 00,1371,365,1736
06/08/2018,00 - 01,1154,310,1464
06/08/2018,01 - 02,1038,246,1284
06/08/2018,02 - 03,1013,256,1269
06/08/2018,03 - 04,951,217,1168
06/08/2018,04 - 05,833,178,1011
06/08/2018,05 - 06,786,153,939
06/08/2018,06 - 07,715,123,838
06/08/2018,07 - 08,693,98,791
06/08/2018,08 - 09,671,106,777
06/08/2018,09 - 10,633,107,740
06/08/2018,10 - 11,629,97,726
06/08/2018,11 - 12,753,66,819
06/08/2018,12 - 13,923,76,999
06/08/2018,13 - 14,1092,96,1188
06/08/2018,14 - 15,1240,101,1341
06/08/2018,15 - 16,1309,90,1399
06/08/2018,16 - 17,1239,86,1325
06/08/2018,17 - 18,1079,67,1146
06/08/2018,18 - 19,834,50,884
06/08/2018,19 - 20,547,27,574
06/08/2018,20 - 21,318,15,333
06/08/2018,21 - 22,207,13,220
06/08/2018,22 - 23,197,26,223
06/08/2018,23 - 00,142,57,199
07/08/2018,00 - 01,90,59,149
07/08/2018,01 - 02,83,32,115
07/08/2018,02 - 03,109,33,142
07/08/2018,03 - 04,130,36,166
07/08/2018,04 - 05,104,44,148
07/08/2018,05 - 06,67,37,104
07/08/2018,06 - 07,65,46,111
07/08/2018,07 - 08,50,51,101
07/08/2018,08 - 09,22,39,61
07/08/2018,09 - 10,19,41,60
07/08/2018,10 - 11,46,50,96
07/08/2018,11 - 12,86,73,159
07/08/2018,12 - 13,138,99,237
07/08/2018,13 - 14,204,143,347
07/08/2018,14 - 15,323,178,501
07/08/2018,15 - 16,432,195,627
07/08/2018,16 - 17,499,241,740
07/08/2018,17 - 18,482,298,780
07/08/2018,18 - 19,483,325,808
07/08/2018,19 - 20,489,330,819
07/08/2018,20 - 21,579,373,952
07/08/2018,21 - 22,625,440,1065
07/08/2018,22 - 23,706,450,1156
07/08/2018,23 - 00,876,446,1322
08/08/2018,00 - 01,1180,469,1649
08/08/2018,01 - 02,1444,474,1918
08/08/2018,02 - 03,1375,519,1894
08/08/2018,03 - 04,1249,475,1724
08/08/2018,04 - 05,1095,424,1519
08/08/2018,05 - 06,1204,434,1638
08/08/2018,06 - 07,1113,353,1466
08/08/2018,07 - 08,859,300,1159
08/08/2018,08 - 09,657,260,917
08/08/2018,09 - 10,376,186,562
08/08/2018,10 - 11,211,142,353
08/08/2018,11 - 12,365,109,474
08/08/2018,12 - 13,667,62,729
08/08/2018,13 - 14,842,59,901
08/08/2018,14 - 15,1170,60,1230
08/08/2018,15 - 16,1614,114,1728
08/08/2018,16 - 17,2017,172,2189
08/08/2018,17 - 18,1819,106,1925
08/08/2018,18 - 19,1650,89,1739
08/08/2018,19 - 20,1355,341,1696
08/08/2018,20 - 21,1738,492,2230
08/08/2018,21 - 22,1334,480,1814
08/08/2018,22 - 23,1195,414,1609
08/08/2018,23 - 00,1084,362,1446
09/08/2018,00 - 01,990,316,1306
09/08/2018,01 - 02,774,222,996
09/08/2018,02 - 03,494,104,598
09/08/2018,03 - 04,348,48,396
09/08/2018,04 - 05,282,36,318
09/08/2018,05 - 06,214,21,235
09/08/2018,06 - 07,116,9,125
09/08/2018,07 - 08,78,7,85
09/08/2018,08 - 09,57,2,59
09/08/2018,09 - 10,118,3,121
09/08/2018,10 - 11,144,6,150
09/08/2018,11 - 12,125,5,130
09/08/2018,12 - 13,84,6,90
09/08/2018,13 - 14,70,11,81
09/08/2018,14 - 15,118,25,143
09/08/2018,15 - 16,176,55,231
09/08/2018,16 - 17,254,152,406
09/08/2018,17 - 18,382,328,710
09/08/2018,18 - 19,551,570,1121
09/08/2018,19 - 20,928,605,1533
09/08/2018,20 - 21,1151,621,1772
09/08/2018,21 - 22,1356,513,1869
09/08/2018,22 - 23,1876,333,2209
09/08/2018,23 - 00,2300,358,2658
10/08/2018,00 - 01,2527,458,2985
10/08/2018,01 - 02,2455,603,3058
10/08/2018,02 - 03,2439,693,3132
10/08/2018,03 - 04,2535,794,3329
10/08/2018,04 - 05,2794,845,3639
10/08/2018,05 - 06,3100,880,3980
10/08/2018,06 - 07,3375,926,4301
10/08/2018,07 - 08,3390,938,4328
10/08/2018,08 - 09,3526,922,4448
10/08/2018,09 - 10,3692,915,4607
10/08/2018,10 - 11,3738,915,4653
10/08/2018,11 - 12,3702,910,4612
10/08/2018,12 - 13,3595,905,4500
10/08/2018,13 - 14,3344,908,4252
10/08/2018,14 - 15,3347,893,4240
10/08/2018,15 - 16,3303,823,4126
10/08/2018,16 - 17,3133,717,3850
10/08/2018,17 - 18,2547,526,3073
10/08/2018,18 - 19,2277,407,2684
10/08/2018,19 - 20,1598,419,2017
10/08/2018,20 - 21,1148,302,1450
10/08/2018,21 - 22,967,221,1188
10/08/2018,22 - 23,808,146,954
10/08/2018,23 - 00,800,100,900
11/08/2018,00 - 01,831,84,915
11/08/2018,01 - 02,655,119,774
11/08/2018,02 - 03,525,253,778
11/08/2018,03 - 04,611,377,988
11/08/2018,04 - 05,732,398,1130
11/08/2018,05 - 06,898,467,1365
11/08/2018,06 - 07,837,515,1352
11/08/2018,07 - 08,918,533,1451
11/08/2018,08 - 09,903,599,1502
11/08/2018,09 - 10,901,627,1528
11/08/2018,10 - 11,1010,606,1616
11/08/2018,11 - 12,1093,627,1720
11/08/2018,12 - 13,1421,659,2080
11/08/2018,13 - 14,1655,707,2362
11/08/2018,14 - 15,1998,765,2763
11/08/2018,15 - 16,2132,789,2921
11/08/2018,16 - 17,2250,735,2985
11/08/2018,17 - 18,2224,785,3009
11/08/2018,18 - 19,2716,795,3511
11/08/2018,19 - 20,2563,723,3286
11/08/2018,20 - 21,2211,706,2917
11/08/2018,21 - 22,2040,713,2753
11/08/2018,22 - 23,2006,742,2748
11/08/2018,23 - 00,1988,728,2716
12/08/2018,00 - 01,1898,706,2604
12/08/2018,01 - 02,1779,656,2435
12/08/2018,02 - 03,1610,602,2212
12/08/2018,03 - 04,1469,490,1959
12/08/2018,04 - 05,1285,387,1672
12/08/2018,05 - 06,1122,291,1413
12/08/2018,06 - 07,982,267,1249
12/08/2018,07 - 08,874,276,1150
12/08/2018,08 - 09,785,337,1122
12/08/2018,09 - 10,703,406,1109
12/08/2018,10 - 11,781,378,1159
12/08/2018,11 - 12,726,328,1054
12/08/2018,12 - 13,723,277,1000
12/08/2018,13 - 14,694,205,899
12/08/2018,14 - 15,739,148,887
12/08/2018,15 - 16,794,80,874
12/08/2018,16 - 17,653,124,777
12/08/2018,17 - 18,581,50,631
12/08/2018,18 - 19,556,14,570
12/08/2018,19 - 20,368,13,381
12/08/2018,20 - 21,500,19,519
12/08/2018,21 - 22,550,57,607
12/08/2018,22 - 23,499,72,571
12/08/2018,23 - 00,558,59,617
13/08/2018,00 - 01,517,57,574
13/08/2018,01 - 02,495,60,555
13/08/2018,02 - 03,453,95,548
13/08/2018,03 - 04,469,131,600
13/08/2018,04 - 05,531,140,671
13/08/2018,05 - 06,640,135,775
13/08/2018,06 - 07,789,123,912
13/08/2018,07 - 08,923,123,1046
13/08/2018,08 - 09,1073,106,1179
13/08/2018,09 - 10,1130,85,1215
13/08/2018,10 - 11,1057,65,1122
13/08/2018,11 - 12,960,60,1020
13/08/2018,12 - 13,743,78,821
13/08/2018,13 - 14,561,100,661
13/08/2018,14 - 15,484,146,630
13/08/2018,15 - 16,413,189,602
13/08/2018,16 - 17,285,261,546
13/08/2018,17 - 18,266,301,567
13/08/2018,18 - 19,333,140,473
13/08/2018,19 - 20,377,76,453
13/08/2018,20 - 21,473,96,569
13/08/2018,21 - 22,489,96,585
13/08/2018,22 - 23,567,130,697
13/08/2018,23 - 00,490,176,666
14/08/2018,00 - 01,378,155,533
14/08/2018,01 - 02,389,179,568
14/08/2018,02 - 03,493,196,689
14/08/2018,03 - 04,424,182,606
14/08/2018,04 - 05,324,191,515
14/08/2018,05 - 06,301,157,458
14/08/2018,06 - 07,297,134,431
14/08/2018,07 - 08,243,186,429
14/08/2018,08 - 09,204,246,450
14/08/2018,09 - 10,181,251,432
14/08/2018,10 - 11,150,324,474
14/08/2018,11 - 12,140,294,434
14/08/2018,12 - 13,194,306,500
14/08/2018,13 - 14,234,286,520
14/08/2018,14 - 15,389,243,632
14/08/2018,15 - 16,472,215,687
14/08/2018,16 - 17,487,267,754
14/08/2018,17 - 18,558,273,831
14/08/2018,18 - 19,553,337,890
14/08/2018,19 - 20,505,409,914
14/08/2018,20 - 21,495,241,736
14/08/2018,21 - 22,538,139,677
14/08/2018,22 - 23,637,120,757
14/08/2018,23 - 00,712,170,882
15/08/2018,00 - 01,711,187,898
15/08/2018,01 - 02,723,236,959
15/08/2018,02 - 03,639,348,987
15/08/2018,03 - 04,509,436,945
15/08/2018,04 - 05,527,322,849
15/08/2018,05 - 06,494,261,755
15/08/2018,06 - 07,499,188,687
15/08/2018,07 - 08,368,86,454
15/08/2018,08 - 09,273,58,331
15/08/2018,09 - 10,296,103,399
15/08/2018,10 - 11,396,145,541
15/08/2018,11 - 12,524,139,663
15/08/2018,12 - 13,664,118,782
15/08/2018,13 - 14,759,118,877
15/08/2018,14 - 15,819,120,939
15/08/2018,15 - 16,889,112,1001
15/08/2018,16 - 17,832,140,972
15/08/2018,17 - 18,796,126,922
15/08/2018,18 - 19,729,115,844
15/08/2018,19 - 20,634,84,718
15/08/2018,20 - 21,571,83,654
15/08/2018,21 - 22,542,77,619
15/08/2018,22 - 23,648,54,702
15/08/2018,23 - 00,719,30,749
16/08/2018,00 - 01,809,29,838
16/08/2018,01 - 02,870,44,914
16/08/2018,02 - 03,934,74,1008
16/08/2018,03 - 04,1055,114,1169
16/08/2018,04 - 05,1070,134,1204
16/08/2018,05 - 06,1262,132,1394
16/08/2018,06 - 07,1423,141,1564
16/08/2018,07 - 08,1549,159,1708
16/08/2018,08 - 09,1764,166,1930
16/08/2018,09 - 10,2053,177,2230
16/08/2018,10 - 11,2388,247,2635
16/08/2018,11 - 12,2504,343,2847
16/08/2018,12 - 13,2625,410,3035
16/08/2018,13 - 14,2559,419,2978
16/08/2018,14 - 15,2569,384,2953
16/08/2018,15 - 16,2447,320,2767
16/08/2018,16 - 17,2469,241,2710
16/08/2018,17 - 18,2534,159,2693
16/08/2018,18 - 19,2448,108,2556
16/08/2018,19 - 20,2255,93,2348
16/08/2018,20 - 21,1757,96,1853
16/08/2018,21 - 22,1283,89,1372
16/08/2018,22 - 23,1212,62,1274
16/08/2018,23 - 00,1047,50,1097
17/08/2018,00 - 01,1055,43,1098
17/08/2018,01 - 02,964,61,1025
17/08/2018,02 - 03,721,79,800
17/08/2018,03 - 04,601,74,675
17/08/2018,04 - 05,581,63,644
17/08/2018,05 - 06,567,77,644
17/08/2018,06 - 07,591,39,630
17/08/2018,07 - 08,592,21,613
17/08/2018,08 - 09,511,17,528
17/08/2018,09 - 10,522,17,539
17/08/2018,10 - 11,641,27,668
17/08/2018,11 - 12,757,60,817
17/08/2018,12 - 13,851,92,943
17/08/2018,13 - 14,947,116,1063
17/08/2018,14 - 15,1043,96,1139
17/08/2018,15 - 16,1087,92,1179
17/08/2018,16 - 17,1134,66,1200
17/08/2018,17 - 18,1102,53,1155
17/08/2018,18 - 19,983,79,1062
17/08/2018,19 - 20,807,70,877
17/08/2018,20 - 21,598,49,647
17/08/2018,21 - 22,676,57,733
17/08/2018,22 - 23,693,63,756
17/08/2018,23 - 00,740,83,823
18/08/2018,00 - 01,806,75,881
18/08/2018,01 - 02,922,66,988
18/08/2018,02 - 03,1023,40,1063
18/08/2018,03 - 04,1105,34,1139
18/08/2018,04 - 05,1154,48,1202
18/08/2018,05 - 06,1282,92,1374
18/08/2018,06 - 07,1446,113,1559
18/08/2018,07 - 08,1505,138,1643
18/08/2018,08 - 09,1725,201,1926
18/08/2018,09 - 10,2054,235,2289
18/08/2018,10 - 11,2368,242,2610
18/08/2018,11 - 12,2819,288,3107
18/08/2018,12 - 13,3154,322,3476
18/08/2018,13 - 14,3301,364,3665
18/08/2018,14 - 15,3353,354,3707
18/08/2018,15 - 16,3376,364,3740
18/08/2018,16 - 17,3309,339,3648
18/08/2018,17 - 18,3234,317,3551
18/08/2018,18 - 19,2943,327,3270
18/08/2018,19 - 20,2647,364,3011
18/08/2018,20 - 21,2361,346,2707
18/08/2018,21 - 22,2139,350,2489
18/08/2018,22 - 23,2045,382,2427
18/08/2018,23 - 00,1918,382,2300
19/08/2018,00 - 01,1687,415,2102
19/08/2018,01 - 02,1558,440,1998
19/08/2018,02 - 03,1485,354,1839
19/08/2018,03 - 04,1442,268,1710
19/08/2018,04 - 05,1246,244,1490
19/08/2018,05 - 06,1074,276,1350
19/08/2018,06 - 07,899,307,1206
19/08/2018,07 - 08,744,256,1000
19/08/2018,08 - 09,674,224,898
19/08/2018,09 - 10,707,218,925
19/08/2018,10 - 11,700,198,898
19/08/2018,11 - 12,689,250,939
19/08/2018,12 - 13,761,235,996
19/08/2018,13 - 14,884,214,1098
19/08/2018,14 - 15,918,165,1083
19/08/2018,15 - 16,1091,175,1266
19/08/2018,16 - 17,1161,161,1322
19/08/2018,17 - 18,1189,91,1280
19/08/2018,18 - 19,1366,60,1426
19/08/2018,19 - 20,1546,62,1608
19/08/2018,20 - 21,1532,59,1591
19/08/2018,21 - 22,1591,94,1685
19/08/2018,22 - 23,1520,139,1659
19/08/2018,23 - 00,1547,206,1753
20/08/2018,00 - 01,1445,321,1766
20/08/2018,01 - 02,1175,402,1577
20/08/2018,02 - 03,1021,466,1487
20/08/2018,03 - 04,1042,498,1540
20/08/2018,04 - 05,1000,545,1545
20/08/2018,05 - 06,988,522,1510
20/08/2018,06 - 07,1320,503,1823
20/08/2018,07 - 08,1469,496,1965
20/08/2018,08 - 09,1696,450,2146
20/08/2018,09 - 10,2091,454,2545
20/08/2018,10 - 11,2179,452,2631
20/08/2018,11 - 12,2150,528,2678
20/08/2018,12 - 13,2228,560,2788
20/08/2018,13 - 14,2262,552,2814
20/08/2018,14 - 15,2305,669,2974
20/08/2018,15 - 16,2409,695,3104
20/08/2018,16 - 17,2483,685,3168
20/08/2018,17 - 18,2437,679,3116
20/08/2018,18 - 19,2269,650,2919
20/08/2018,19 - 20,1942,570,2512
20/08/2018,20 - 21,1536,441,1977
20/08/2018,21 - 22,1409,372,1781
20/08/2018,22 - 23,1346,331,1677
20/08/2018,23 - 00,1250,347,1597
21/08/2018,00 - 01,1206,331,1537
21/08/2018,01 - 02,1215,365,1580
21/08/2018,02 - 03,1086,340,1426
21/08/2018,03 - 04,902,320,1222
21/08/2018,04 - 05,759,260,1019
21/08/2018,05 - 06,673,198,871
21/08/2018,06 - 07,549,171,720
21/08/2018,07 - 08,469,149,618
21/08/2018,08 - 09,407,129,536
21/08/2018,09 - 10,474,115,589
21/08/2018,10 - 11,434,97,531
21/08/2018,11 - 12,364,77,441
21/08/2018,12 - 13,288,69,357
21/08/2018,13 - 14,243,71,314
21/08/2018,14 - 15,195,73,268
21/08/2018,15 - 16,171,61,232
21/08/2018,16 - 17,157,46,203
21/08/2018,17 - 18,120,29,149
21/08/2018,18 - 19,65,13,78
21/08/2018,19 - 20,40,4,44
21/08/2018,20 - 21,61,3,64
21/08/2018,21 - 22,85,5,90
21/08/2018,22 - 23,141,17,158
21/08/2018,23 - 00,256,43,299
22/08/2018,00 - 01,407,69,476
22/08/2018,01 - 02,608,95,703
22/08/2018,02 - 03,887,121,1008
22/08/2018,03 - 04,1108,124,1232
22/08/2018,04 - 05,1321,138,1459
22/08/2018,05 - 06,1504,137,1641
22/08/2018,06 - 07,1508,147,1655
22/08/2018,07 - 08,1451,155,1606
22/08/2018,08 - 09,1371,171,1542
22/08/2018,09 - 10,1370,189,1559
22/08/2018,10 - 11,1494,194,1688
22/08/2018,11 - 12,1723,198,1921
22/08/2018,12 - 13,2058,211,2269
22/08/2018,13 - 14,2275,212,2487
22/08/2018,14 - 15,2356,202,2558
22/08/2018,15 - 16,2352,187,2539
22/08/2018,16 - 17,2340,175,2515
22/08/2018,17 - 18,2258,173,2431
22/08/2018,18 - 19,1947,167,2114
22/08/2018,19 - 20,1539,147,1686
22/08/2018,20 - 21,1296,141,1437
22/08/2018,21 - 22,1240,179,1419
22/08/2018,22 - 23,1249,259,1508
22/08/2018,23 - 00,1167,291,1458
23/08/2018,00 - 01,935,246,1181
23/08/2018,01 - 02,737,192,929
23/08/2018,02 - 03,642,123,765
23/08/2018,03 - 04,557,88,645
23/08/2018,04 - 05,484,58,542
23/08/2018,05 - 06,432,44,476
23/08/2018,06 - 07,373,23,396
23/08/2018,07 - 08,323,19,342
23/08/2018,08 - 09,374,10,384
23/08/2018,09 - 10,400,10,410
23/08/2018,10 - 11,489,14,503
23/08/2018,11 - 12,673,39,712
23/08/2018,12 - 13,874,60,934
23/08/2018,13 - 14,1095,82,1177
23/08/2018,14 - 15,1429,107,1536
23/08/2018,15 - 16,1516,109,1625
23/08/2018,16 - 17,1516,125,1641
23/08/2018,17 - 18,1317,176,1493
23/08/2018,18 - 19,999,238,1237
23/08/2018,19 - 20,757,140,897
23/08/2018,20 - 21,672,68,740
23/08/2018,21 - 22,699,62,761
23/08/2018,22 - 23,645,76,721
23/08/2018,23 - 00,668,95,763
24/08/2018,00 - 01,699,135,834
24/08/2018,01 - 02,650,223,873
24/08/2018,02 - 03,567,259,826
24/08/2018,03 - 04,490,287,777
24/08/2018,04 - 05,527,371,898
24/08/2018,05 - 06,497,307,804
24/08/2018,06 - 07,612,278,890
24/08/2018,07 - 08,829,152,981
24/08/2018,08 - 09,887,210,1097
24/08/2018,09 - 10,992,396,1388
24/08/2018,10 - 11,1115,398,1513
24/08/2018,11 - 12,1220,456,1676
24/08/2018,12 - 13,1468,660,2128
24/08/2018,13 - 14,1682,704,2386
24/08/2018,14 - 15,1644,562,2206
24/08/2018,15 - 16,1689,450,2139
24/08/2018,16 - 17,1847,578,2425
24/08/2018,17 - 18,1754,658,2412
24/08/2018,18 - 19,1777,607,2384
24/08/2018,19 - 20,1315,543,1858
24/08/2018,20 - 21,1005,563,1568
24/08/2018,21 - 22,1090,581,1671
24/08/2018,22 - 23,1176,540,1716
24/08/2018,23 - 00,1026,412,1438
25/08/2018,00 - 01,863,452,1315
25/08/2018,01 - 02,829,567,1396
25/08/2018,02 - 03,758,537,1295
25/08/2018,03 - 04,835,564,1399
25/08/2018,04 - 05,905,508,1413
25/08/2018,05 - 06,891,407,1298
25/08/2018,06 - 07,804,341,1145
25/08/2018,07 - 08,720,323,1043
25/08/2018,08 - 09,578,256,834
25/08/2018,09 - 10,470,308,778
25/08/2018,10 - 11,376,283,659
25/08/2018,11 - 12,331,194,525
25/08/2018,12 - 13,365,171,536
25/08/2018,13 - 14,300,239,539
25/08/2018,14 - 15,372,334,706
25/08/2018,15 - 16,396,158,554
25/08/2018,16 - 17,431,197,628
25/08/2018,17 - 18,581,251,832
25/08/2018,18 - 19,658,147,805
25/08/2018,19 - 20,596,203,799
25/08/2018,20 - 21,605,319,924
25/08/2018,21 - 22,666,353,1019
25/08/2018,22 - 23,848,415,1263
25/08/2018,23 - 00,943,443,1386
26/08/2018,00 - 01,891,448,1339
26/08/2018,01 - 02,937,464,1401
26/08/2018,02 - 03,1076,362,1438
26/08/2018,03 - 04,1160,398,1558
26/08/2018,04 - 05,1128,453,1581
26/08/2018,05 - 06,1180,462,1642
26/08/2018,06 - 07,1119,479,1598
26/08/2018,07 - 08,1097,417,1514
26/08/2018,08 - 09,1046,398,1444
26/08/2018,09 - 10,1283,487,1770
26/08/2018,10 - 11,1518,501,2019
26/08/2018,11 - 12,1632,475,2107
26/08/2018,12 - 13,1600,471,2071
26/08/2018,13 - 14,1609,371,1980
26/08/2018,14 - 15,1530,350,1880
26/08/2018,15 - 16,1325,275,1600
26/08/2018,16 - 17,1105,242,1347
26/08/2018,17 - 18,830,218,1048
26/08/2018,18 - 19,617,180,797
26/08/2018,19 - 20,492,82,574
26/08/2018,20 - 21,525,46,571
26/08/2018,21 - 22,600,48,648
26/08/2018,22 - 23,791,41,832
26/08/2018,23 - 00,1085,54,1139
27/08/2018,00 - 01,1273,135,1408
27/08/2018,01 - 02,1524,297,1821
27/08/2018,02 - 03,1689,357,2046
27/08/2018,03 - 04,1948,444,2392
27/08/2018,04 - 05,2135,617,2752
27/08/2018,05 - 06,2295,689,2984
27/08/2018,06 - 07,2501,593,3094
27/08/2018,07 - 08,2684,683,3367
27/08/2018,08 - 09,2546,722,3268
27/08/2018,09 - 10,2662,783,3445
27/08/2018,10 - 11,2462,758,3220
27/08/2018,11 - 12,2191,717,2908
27/08/2018,12 - 13,1924,709,2633
27/08/2018,13 - 14,2047,699,2746
27/08/2018,14 - 15,2154,687,2841
27/08/2018,15 - 16,2140,695,2835
27/08/2018,16 - 17,2145,583,2728
27/08/2018,17 - 18,1998,483,2481
27/08/2018,18 - 19,2076,574,2650
27/08/2018,19 - 20,1857,592,2449
27/08/2018,20 - 21,1640,565,2205
27/08/2018,21 - 22,1623,587,2210
27/08/2018,22 - 23,1563,533,2096
27/08/2018,23 - 00,1455,515,1970
28/08/2018,00 - 01,1442,452,1894
28/08/2018,01 - 02,1470,342,1812
28/08/2018,02 - 03,1408,350,1758
28/08/2018,03 - 04,1358,267,1625
28/08/2018,04 - 05,1251,300,1551
28/08/2018,05 - 06,1183,254,1437
28/08/2018,06 - 07,1007,231,1238
28/08/2018,07 - 08,928,199,1127
28/08/2018,08 - 09,739,187,926
28/08/2018,09 - 10,626,165,791
28/08/2018,10 - 11,776,221,997
28/08/2018,11 - 12,829,216,1045
28/08/2018,12 - 13,775,193,968
28/08/2018,13 - 14,827,156,983
28/08/2018,14 - 15,781,143,924
28/08/2018,15 - 16,726,125,851
28/08/2018,16 - 17,603,73,676
28/08/2018,17 - 18,446,59,505
28/08/2018,18 - 19,218,49,267
28/08/2018,19 - 20,101,35,136
28/08/2018,20 - 21,58,16,74
28/08/2018,21 - 22,63,7,70
28/08/2018,22 - 23,70,9,79
28/08/2018,23 - 00,65,9,74
29/08/2018,00 - 01,55,3,58
29/08/2018,01 - 02,84,3,87
29/08/2018,02 - 03,109,2,111
29/08/2018,03 - 04,150,3,153
29/08/2018,04 - 05,215,5,220
29/08/2018,05 - 06,261,7,268
29/08/2018,06 - 07,315,10,325
29/08/2018,07 - 08,400,22,422
29/08/2018,08 - 09,392,31,423
29/08/2018,09 - 10,355,53,408
29/08/2018,10 - 11,349,85,434
29/08/2018,11 - 12,389,115,504
29/08/2018,12 - 13,388,121,509
29/08/2018,13 - 14,503,120,623
29/08/2018,14 - 15,533,163,696
29/08/2018,15 - 16,561,201,762
29/08/2018,16 - 17,550,249,799
29/08/2018,17 - 18,467,320,787
29/08/2018,18 - 19,317,367,684
29/08/2018,19 - 20,311,398,709
29/08/2018,20 - 21,429,375,804
29/08/2018,21 - 22,492,380,872
29/08/2018,22 - 23,455,336,791
29/08/2018,23 - 00,486,262,748
30/08/2018,00 - 01,441,213,654
30/08/2018,01 - 02,385,161,546
30/08/2018,02 - 03,314,109,423
30/08/2018,03 - 04,322,68,390
30/08/2018,04 - 05,326,54,380
30/08/2018,05 - 06,290,36,326
30/08/2018,06 - 07,422,17,439
30/08/2018,07 - 08,635,22,657
30/08/2018,08 - 09,718,48,766
30/08/2018,09 - 10,862,75,937
30/08/2018,10 - 11,1044,121,1165
30/08/2018,11 - 12,1159,117,1276
30/08/2018,12 - 13,1227,92,1319
30/08/2018,13 - 14,1316,78,1394
30/08/2018,14 - 15,1386,70,1456
30/08/2018,15 - 16,1524,77,1601
30/08/2018,16 - 17,1594,98,1692
30/08/2018,17 - 18,1561,146,1707
30/08/2018,18 - 19,1411,211,1622
30/08/2018,19 - 20,1144,253,1397
30/08/2018,20 - 21,1032,303,1335
30/08/2018,21 - 22,1018,328,1346
30/08/2018,22 - 23,1024,281,1305
30/08/2018,23 - 00,1026,301,1327
31/08/2018,00 - 01,1006,421,1427
31/08/2018,01 - 02,940,374,1314
31/08/2018,02 - 03,987,340,1327
31/08/2018,03 - 04,1028,353,1381
31/08/2018,04 - 05,976,348,1324
31/08/2018,05 - 06,975,330,1305
31/08/2018,06 - 07,1014,304,1318
31/08/2018,07 - 08,1031,257,1288
31/08/2018,08 - 09,930,226,1156
31/08/2018,09 - 10,979,237,1216
31/08/2018,10 - 11,1007,262,1269
31/08/2018,11 - 12,930,196,1126
31/08/2018,12 - 13,908,194,1102
31/08/2018,13 - 14,861,182,1043
31/08/2018,14 - 15,821,145,966
31/08/2018,15 - 16,778,123,901
31/08/2018,16 - 17,738,121,859
31/08/2018,17 - 18,657,104,761
31/08/2018,18 - 19,587,110,697
31/08/2018,19 - 20,517,66,583
31/08/2018,20 - 21,482,77,559
31/08/2018,21 - 22,375,79,454
31/08/2018,22 - 23,253,116,369
31/08/2018,23 - 00,152,125,277
01/09/2018,00 - 01,120,77,197
01/09/2018,01 - 02,115,55,170
01/09/2018,02 - 03,137,46,183
01/09/2018,03 - 04,137,52,189
01/09/2018,04 - 05,122,74,196
01/09/2018,05 - 06,141,100,241
01/09/2018,06 - 07,179,85,264
01/09/2018,07 - 08,147,107,254
01/09/2018,08 - 09,146,111,257
01/09/2018,09 - 10,146,98,244
01/09/2018,10 - 11,160,73,233
01/09/2018,11 - 12,123,59,182
01/09/2018,12 - 13,123,72,195
01/09/2018,13 - 14,159,102,261
01/09/2018,14 - 15,149,109,258
01/09/2018,15 - 16,168,90,258
01/09/2018,16 - 17,167,92,259
01/09/2018,17 - 18,154,80,234
01/09/2018,18 - 19,116,54,170
01/09/2018,19 - 20,75,32,107
01/09/2018,20 - 21,84,15,99
01/09/2018,21 - 22,69,9,78
01/09/2018,22 - 23,40,9,49
01/09/2018,23 - 00,40,8,48
02/09/2018,00 - 01,29,8,37
02/09/2018,01 - 02,16,7,23
02/09/2018,02 - 03,21,6,27
02/09/2018,03 - 04,16,9,25
02/09/2018,04 - 05,16,13,29
02/09/2018,05 - 06,16,16,32
02/09/2018,06 - 07,22,23,45
02/09/2018,07 - 08,25,35,60
02/09/2018,08 - 09,17,26,43
02/09/2018,09 - 10,15,18,33
02/09/2018,10 - 11,13,15,28
02/09/2018,11 - 12,15,19,34
02/09/2018,12 - 13,18,39,57
02/09/2018,13 - 14,32,77,109
02/09/2018,14 - 15,55,112,167
02/09/2018,15 - 16,75,130,205
02/09/2018,16 - 17,108,142,250
02/09/2018,17 - 18,139,168,307
02/09/2018,18 - 19,166,208,374
02/09/2018,19 - 20,181,225,406
02/09/2018,20 - 21,228,274,502
02/09/2018,21 - 22,286,279,565
02/09/2018,22 - 23,308,252,560
02/09/2018,23 - 00,348,258,606
03/09/2018,00 - 01,365,282,647
03/09/2018,01 - 02,350,297,647
03/09/2018,02 - 03,299,292,591
03/09/2018,03 - 04,279,328,607
03/09/2018,04 - 05,295,352,647
03/09/2018,05 - 06,351,374,725
03/09/2018,06 - 07,398,377,775
03/09/2018,07 - 08,428,388,816
03/09/2018,08 - 09,409,357,766
03/09/2018,09 - 10,410,398,808
03/09/2018,10 - 11,471,414,885
03/09/2018,11 - 12,541,438,979
03/09/2018,12 - 13,525,462,987
03/09/2018,13 - 14,432,458,890
03/09/2018,14 - 15,400,413,813
03/09/2018,15 - 16,394,398,792
03/09/2018,16 - 17,325,442,767
03/09/2018,17 - 18,338,479,817
03/09/2018,18 - 19,321,451,772
03/09/2018,19 - 20,265,377,642
03/09/2018,20 - 21,282,324,606
03/09/2018,21 - 22,265,314,579
03/09/2018,22 - 23,260,279,539
03/09/2018,23 - 00,215,230,445
04/09/2018,00 - 01,195,165,360
04/09/2018,01 - 02,195,113,308
04/09/2018,02 - 03,172,119,291
04/09/2018,03 - 04,173,142,315
04/09/2018,04 - 05,148,153,301
04/09/2018,05 - 06,101,153,254
04/09/2018,06 - 07,88,154,242
04/09/2018,07 - 08,81,131,212
04/09/2018,08 - 09,83,100,183
04/09/2018,09 - 10,76,70,146
04/09/2018,10 - 11,101,59,160
04/09/2018,11 - 12,116,67,183
04/09/2018,12 - 13,106,87,193
04/09/2018,13 - 14,84,102,186
04/09/2018,14 - 15,61,101,162
04/09/2018,15 - 16,68,81,149
04/09/2018,16 - 17,70,68,138
04/09/2018,17 - 18,77,48,125
04/09/2018,18 - 19,75,28,103
04/09/2018,19 - 20,90,29,119
04/09/2018,20 - 21,112,31,143
04/09/2018,21 - 22,93,32,125
04/09/2018,22 - 23,63,24,87
04/09/2018,23 - 00,51,20,71
05/09/2018,00 - 01,43,11,54
05/09/2018,01 - 02,31,7,38
05/09/2018,02 - 03,18,8,26
05/09/2018,03 - 04,9,10,19
05/09/2018,04 - 05,9,9,18
05/09/2018,05 - 06,8,8,16
05/09/2018,06 - 07,15,6,21
05/09/2018,07 - 08,10,8,18
05/09/2018,08 - 09,10,7,17
05/09/2018,09 - 10,8,6,14
05/09/2018,10 - 11,8,5,13
05/09/2018,11 - 12,8,3,11
05/09/2018,12 - 13,14,5,19
05/09/2018,13 - 14,23,7,30
05/09/2018,14 - 15,28,10,38
05/09/2018,15 - 16,30,10,40
05/09/2018,16 - 17,27,15,42
05/09/2018,17 - 18,26,43,69
05/09/2018,18 - 19,45,43,88
05/09/2018,19 - 20,74,46,120
05/09/2018,20 - 21,118,65,183
05/09/2018,21 - 22,171,70,241
05/09/2018,22 - 23,198,73,271
05/09/2018,23 - 00,217,75,292
06/09/2018,00 - 01,233,89,322
06/09/2018,01 - 02,233,90,323
06/09/2018,02 - 03,251,87,338
06/09/2018,03 - 04,223,81,304
06/09/2018,04 - 05,222,72,294
06/09/2018,05 - 06,288,71,359
06/09/2018,06 - 07,388,90,478
06/09/2018,07 - 08,478,110,588
06/09/2018,08 - 09,475,113,588
06/09/2018,09 - 10,538,145,683
06/09/2018,10 - 11,756,166,922
06/09/2018,11 - 12,984,186,1170
06/09/2018,12 - 13,1088,219,1307
06/09/2018,13 - 14,1159,261,1420
06/09/2018,14 - 15,1223,348,1571
06/09/2018,15 - 16,1265,410,1675
06/09/2018,16 - 17,1269,436,1705
06/09/2018,17 - 18,1178,478,1656
06/09/2018,18 - 19,1233,502,1735
06/09/2018,19 - 20,1319,503,1822
06/09/2018,20 - 21,1544,490,2034
06/09/2018,21 - 22,1739,500,2239
06/09/2018,22 - 23,2056,514,2570
06/09/2018,23 - 00,2010,514,2524
07/09/2018,00 - 01,1816,482,2298
07/09/2018,01 - 02,1896,418,2314
07/09/2018,02 - 03,1972,347,2319
07/09/2018,03 - 04,1822,328,2150
07/09/2018,04 - 05,1646,288,1934
07/09/2018,05 - 06,1552,226,1778
07/09/2018,06 - 07,1417,183,1600
07/09/2018,07 - 08,1309,178,1487
07/09/2018,08 - 09,1241,154,1395
07/09/2018,09 - 10,1170,140,1310
07/09/2018,10 - 11,1100,164,1264
07/09/2018,11 - 12,967,165,1132
07/09/2018,12 - 13,824,176,1000
07/09/2018,13 - 14,759,185,944
07/09/2018,14 - 15,733,199,932
07/09/2018,15 - 16,756,186,942
07/09/2018,16 - 17,1099,173,1272
07/09/2018,17 - 18,1244,170,1414
07/09/2018,18 - 19,1016,528,1544
07/09/2018,19 - 20,889,616,1505
07/09/2018,20 - 21,937,467,1404
07/09/2018,21 - 22,1144,428,1572
07/09/2018,22 - 23,1102,443,1545
07/09/2018,23 - 00,1166,428,1594
08/09/2018,00 - 01,1344,340,1684
08/09/2018,01 - 02,1406,349,1755
08/09/2018,02 - 03,1395,410,1805
08/09/2018,03 - 04,1375,484,1859
08/09/2018,04 - 05,1460,606,2066
08/09/2018,05 - 06,1565,656,2221
08/09/2018,06 - 07,1611,650,2261
08/09/2018,07 - 08,1840,645,2485
08/09/2018,08 - 09,1860,664,2524
08/09/2018,09 - 10,1905,725,2630
08/09/2018,10 - 11,1887,728,2615
08/09/2018,11 - 12,1992,732,2724
08/09/2018,12 - 13,2219,728,2947
08/09/2018,13 - 14,2281,731,3012
08/09/2018,14 - 15,2421,642,3063
08/09/2018,15 - 16,2674,700,3374
08/09/2018,16 - 17,2682,612,3294
08/09/2018,17 - 18,2794,545,3339
08/09/2018,18 - 19,2508,466,2974
08/09/2018,19 - 20,2192,348,2540
08/09/2018,20 - 21,1783,284,2067
08/09/2018,21 - 22,1819,214,2033
08/09/2018,22 - 23,1872,184,2056
08/09/2018,23 - 00,1999,262,2261
09/09/2018,00 - 01,2092,266,2358
09/09/2018,01 - 02,2040,283,2323
09/09/2018,02 - 03,1894,328,2222
09/09/2018,03 - 04,1843,302,2145
09/09/2018,04 - 05,1868,292,2160
09/09/2018,05 - 06,1746,237,1983
09/09/2018,06 - 07,1686,237,1923
09/09/2018,07 - 08,1521,257,1778
09/09/2018,08 - 09,1376,251,1627
09/09/2018,09 - 10,1326,287,1613
09/09/2018,10 - 11,1407,321,1728
09/09/2018,11 - 12,1420,295,1715
09/09/2018,12 - 13,1457,273,1730
09/09/2018,13 - 14,1426,261,1687
09/09/2018,14 - 15,1437,252,1689
09/09/2018,15 - 16,1679,214,1893
09/09/2018,16 - 17,1685,136,1821
09/09/2018,17 - 18,1368,98,1466
09/09/2018,18 - 19,1167,70,1237
09/09/2018,19 - 20,1257,54,1311
09/09/2018,20 - 21,1392,54,1446
09/09/2018,21 - 22,1387,76,1463
09/09/2018,22 - 23,1308,116,1424
09/09/2018,23 - 00,1473,178,1651
10/09/2018,00 - 01,1545,252,1797
10/09/2018,01 - 02,1691,327,2018
10/09/2018,02 - 03,1786,363,2149
10/09/2018,03 - 04,1698,288,1986
10/09/2018,04 - 05,1488,275,1763
10/09/2018,05 - 06,1352,321,1673
10/09/2018,06 - 07,1162,437,1599
10/09/2018,07 - 08,1131,491,1622
10/09/2018,08 - 09,1229,371,1600
10/09/2018,09 - 10,1180,251,1431
10/09/2018,10 - 11,1428,186,1614
10/09/2018,11 - 12,1861,152,2013
10/09/2018,12 - 13,1926,127,2053
10/09/2018,13 - 14,2038,134,2172
10/09/2018,14 - 15,2039,140,2179
10/09/2018,15 - 16,2024,139,2163
10/09/2018,16 - 17,1861,136,1997
10/09/2018,17 - 18,1642,133,1775
10/09/2018,18 - 19,1428,123,1551
10/09/2018,19 - 20,1259,101,1360
10/09/2018,20 - 21,1205,110,1315
10/09/2018,21 - 22,1187,118,1305
10/09/2018,22 - 23,1160,126,1286
10/09/2018,23 - 00,1186,136,1322
11/09/2018,00 - 01,1096,246,1342
11/09/2018,01 - 02,1023,185,1208
11/09/2018,02 - 03,985,131,1116
11/09/2018,03 - 04,1031,152,1183
11/09/2018,04 - 05,1016,178,1194
11/09/2018,05 - 06,1050,232,1282
11/09/2018,06 - 07,1210,344,1554
11/09/2018,07 - 08,1389,512,1901
11/09/2018,08 - 09,1514,463,1977
11/09/2018,09 - 10,1976,387,2363
11/09/2018,10 - 11,2410,473,2883
11/09/2018,11 - 12,2849,629,3478
11/09/2018,12 - 13,3145,799,3944
11/09/2018,13 - 14,2820,680,3500
11/09/2018,14 - 15,3071,780,3851
11/09/2018,15 - 16,3175,895,4070
11/09/2018,16 - 17,2904,854,3758
11/09/2018,17 - 18,2642,895,3537
11/09/2018,18 - 19,2494,886,3380
11/09/2018,19 - 20,2206,818,3024
11/09/2018,20 - 21,2207,762,2969
11/09/2018,21 - 22,2202,690,2892
11/09/2018,22 - 23,2006,550,2556
11/09/2018,23 - 00,1966,499,2465
12/09/2018,00 - 01,1989,455,2444
12/09/2018,01 - 02,1850,564,2414
12/09/2018,02 - 03,1913,536,2449
12/09/2018,03 - 04,2056,473,2529
12/09/2018,04 - 05,2024,429,2453
12/09/2018,05 - 06,2199,295,2494
12/09/2018,06 - 07,2610,311,2921
12/09/2018,07 - 08,2619,340,2959
12/09/2018,08 - 09,2414,302,2716
12/09/2018,09 - 10,2263,341,2604
12/09/2018,10 - 11,2354,438,2792
12/09/2018,11 - 12,2501,627,3128
12/09/2018,12 - 13,2645,540,3185
12/09/2018,13 - 14,2916,438,3354
12/09/2018,14 - 15,3104,518,3622
12/09/2018,15 - 16,3115,502,3617
12/09/2018,16 - 17,3031,502,3533
12/09/2018,17 - 18,2817,460,3277
12/09/2018,18 - 19,2475,403,2878
12/09/2018,19 - 20,2239,370,2609
12/09/2018,20 - 21,2115,328,2443
12/09/2018,21 - 22,1990,294,2284
12/09/2018,22 - 23,1752,240,1992
12/09/2018,23 - 00,1568,205,1773
13/09/2018,00 - 01,1371,178,1549
13/09/2018,01 - 02,1201,145,1346
13/09/2018,02 - 03,1138,105,1243
13/09/2018,03 - 04,1073,82,1155
13/09/2018,04 - 05,957,57,1014
13/09/2018,05 - 06,896,45,941
13/09/2018,06 - 07,760,44,804
13/09/2018,07 - 08,638,52,690
13/09/2018,08 - 09,738,63,801
13/09/2018,09 - 10,660,75,735
13/09/2018,10 - 11,846,98,944
13/09/2018,11 - 12,1025,91,1116
13/09/2018,12 - 13,1173,86,1259
13/09/2018,13 - 14,1380,87,1467
13/09/2018,14 - 15,1462,95,1557
13/09/2018,15 - 16,1489,91,1580
13/09/2018,16 - 17,1553,67,1620
13/09/2018,17 - 18,1673,52,1725
13/09/2018,18 - 19,1431,43,1474
13/09/2018,19 - 20,1380,56,1436
13/09/2018,20 - 21,1422,78,1500
13/09/2018,21 - 22,1430,93,1523
13/09/2018,22 - 23,1466,102,1568
13/09/2018,23 - 00,1585,99,1684
14/09/2018,00 - 01,1722,110,1832
14/09/2018,01 - 02,1834,127,1961
14/09/2018,02 - 03,1821,154,1975
14/09/2018,03 - 04,1853,163,2016
14/09/2018,04 - 05,1792,165,1957
14/09/2018,05 - 06,1731,179,1910
14/09/2018,06 - 07,1633,195,1828
14/09/2018,07 - 08,1506,217,1723
14/09/2018,08 - 09,1463,212,1675
14/09/2018,09 - 10,1395,165,1560
14/09/2018,10 - 11,1356,199,1555
14/09/2018,11 - 12,1303,200,1503
14/09/2018,12 - 13,1423,214,1637
14/09/2018,13 - 14,1605,233,1838
14/09/2018,14 - 15,1621,326,1947
14/09/2018,15 - 16,1836,316,2152
14/09/2018,16 - 17,1866,258,2124
14/09/2018,17 - 18,1933,179,2112
14/09/2018,18 - 19,2017,146,2163
14/09/2018,19 - 20,2100,149,2249
14/09/2018,20 - 21,2089,156,2245
14/09/2018,21 - 22,2084,190,2274
14/09/2018,22 - 23,1938,184,2122
14/09/2018,23 - 00,1625,185,1810
15/09/2018,00 - 01,1295,191,1486
15/09/2018,01 - 02,1176,218,1394
15/09/2018,02 - 03,1164,311,1475
15/09/2018,03 - 04,1072,468,1540
15/09/2018,04 - 05,990,469,1459
15/09/2018,05 - 06,868,490,1358
15/09/2018,06 - 07,907,503,1410
15/09/2018,07 - 08,843,523,1366
15/09/2018,08 - 09,702,505,1207
15/09/2018,09 - 10,790,495,1285
15/09/2018,10 - 11,1068,507,1575
15/09/2018,11 - 12,1286,575,1861
15/09/2018,12 - 13,1278,548,1826
15/09/2018,13 - 14,1285,474,1759
15/09/2018,14 - 15,1320,432,1752
15/09/2018,15 - 16,1229,302,1531
15/09/2018,16 - 17,1277,316,1593
15/09/2018,17 - 18,1137,341,1478
15/09/2018,18 - 19,993,317,1310
15/09/2018,19 - 20,787,266,1053
15/09/2018,20 - 21,705,260,965
15/09/2018,21 - 22,697,255,952
15/09/2018,22 - 23,676,238,914
15/09/2018,23 - 00,618,185,803
16/09/2018,00 - 01,568,148,716
16/09/2018,01 - 02,535,163,698
16/09/2018,02 - 03,467,138,605
16/09/2018,03 - 04,456,90,546
16/09/2018,04 - 05,426,72,498
16/09/2018,05 - 06,440,61,501
16/09/2018,06 - 07,513,49,562
16/09/2018,07 - 08,638,53,691
16/09/2018,08 - 09,821,87,908
16/09/2018,09 - 10,904,116,1020
16/09/2018,10 - 11,1136,166,1302
16/09/2018,11 - 12,1560,238,1798
16/09/2018,12 - 13,2105,228,2333
16/09/2018,13 - 14,2503,273,2776
16/09/2018,14 - 15,2622,314,2936
16/09/2018,15 - 16,2835,306,3141
16/09/2018,16 - 17,2924,318,3242
16/09/2018,17 - 18,2864,284,3148
16/09/2018,18 - 19,2837,288,3125
16/09/2018,19 - 20,2599,271,2870
16/09/2018,20 - 21,2825,247,3072
16/09/2018,21 - 22,2822,297,3119
16/09/2018,22 - 23,2713,388,3101
16/09/2018,23 - 00,2440,433,2873
17/09/2018,00 - 01,2176,469,2645
17/09/2018,01 - 02,2072,462,2534
17/09/2018,02 - 03,1757,465,2222
17/09/2018,03 - 04,1598,457,2055
17/09/2018,04 - 05,1237,346,1583
17/09/2018,05 - 06,1086,279,1365
17/09/2018,06 - 07,860,263,1123
17/09/2018,07 - 08,642,281,923
17/09/2018,08 - 09,510,246,756
17/09/2018,09 - 10,473,196,669
17/09/2018,10 - 11,394,157,551
17/09/2018,11 - 12,367,117,484
17/09/2018,12 - 13,330,112,442
17/09/2018,13 - 14,320,122,442
17/09/2018,14 - 15,371,116,487
17/09/2018,15 - 16,432,87,519
17/09/2018,16 - 17,572,75,647
17/09/2018,17 - 18,662,63,725
17/09/2018,18 - 19,562,51,613
17/09/2018,19 - 20,542,44,586
17/09/2018,20 - 21,775,42,817
17/09/2018,21 - 22,938,47,985
17/09/2018,22 - 23,988,44,1032
17/09/2018,23 - 00,1049,43,1092
18/09/2018,00 - 01,1139,82,1221
18/09/2018,01 - 02,1171,112,1283
18/09/2018,02 - 03,1250,143,1393
18/09/2018,03 - 04,1243,185,1428
18/09/2018,04 - 05,1298,203,1501
18/09/2018,05 - 06,1273,233,1506
18/09/2018,06 - 07,1318,227,1545
18/09/2018,07 - 08,1343,223,1566
18/09/2018,08 - 09,1307,214,1521
18/09/2018,09 - 10,1143,222,1365
18/09/2018,10 - 11,1104,210,1314
18/09/2018,11 - 12,1289,262,1551
18/09/2018,12 - 13,1438,346,1784
18/09/2018,13 - 14,1695,449,2144
18/09/2018,14 - 15,2009,536,2545
18/09/2018,15 - 16,2373,556,2929
18/09/2018,16 - 17,2804,562,3366
18/09/2018,17 - 18,2975,526,3501
18/09/2018,18 - 19,3114,537,3651
18/09/2018,19 - 20,3069,555,3624
18/09/2018,20 - 21,2916,564,3480
18/09/2018,21 - 22,2681,384,3065
18/09/2018,22 - 23,2501,248,2749
18/09/2018,23 - 00,2278,254,2532
19/09/2018,00 - 01,2093,235,2328
19/09/2018,01 - 02,1961,230,2191
19/09/2018,02 - 03,1747,268,2015
19/09/2018,03 - 04,1606,296,1902
19/09/2018,04 - 05,1548,281,1829
19/09/2018,05 - 06,1671,272,1943
19/09/2018,06 - 07,1573,235,1808
19/09/2018,07 - 08,1392,183,1575
19/09/2018,08 - 09,1451,132,1583
19/09/2018,09 - 10,1719,168,1887
19/09/2018,10 - 11,1999,244,2243
19/09/2018,11 - 12,2131,285,2416
19/09/2018,12 - 13,2053,330,2383
19/09/2018,13 - 14,2309,365,2674
19/09/2018,14 - 15,2328,383,2711
19/09/2018,15 - 16,2710,340,3050
19/09/2018,16 - 17,2825,348,3173
19/09/2018,17 - 18,2807,292,3099
19/09/2018,18 - 19,3153,289,3442
19/09/2018,19 - 20,3247,365,3612
19/09/2018,20 - 21,3334,407,3741
19/09/2018,21 - 22,3420,340,3760
19/09/2018,22 - 23,3469,313,3782
19/09/2018,23 - 00,3378,401,3779
20/09/2018,00 - 01,3084,519,3603
20/09/2018,01 - 02,2647,579,3226
20/09/2018,02 - 03,2293,574,2867
20/09/2018,03 - 04,1981,502,2483
20/09/2018,04 - 05,1795,456,2251
20/09/2018,05 - 06,1651,400,2051
20/09/2018,06 - 07,1815,383,2198
20/09/2018,07 - 08,1955,390,2345
20/09/2018,08 - 09,1942,389,2331
20/09/2018,09 - 10,1937,468,2405
20/09/2018,10 - 11,1774,475,2249
20/09/2018,11 - 12,1897,509,2406
20/09/2018,12 - 13,1938,443,2381
20/09/2018,13 - 14,1800,460,2260
20/09/2018,14 - 15,1625,515,2140
20/09/2018,15 - 16,1342,391,1733
20/09/2018,16 - 17,922,225,1147
20/09/2018,17 - 18,572,134,706
20/09/2018,18 - 19,379,118,497
20/09/2018,19 - 20,271,171,442
20/09/2018,20 - 21,405,162,567
20/09/2018,21 - 22,879,115,994
20/09/2018,22 - 23,1304,130,1434
20/09/2018,23 - 00,1944,185,2129
21/09/2018,00 - 01,2446,334,2780
21/09/2018,01 - 02,2547,476,3023
21/09/2018,02 - 03,2348,500,2848
21/09/2018,03 - 04,2382,554,2936
21/09/2018,04 - 05,2562,663,3225
21/09/2018,05 - 06,2471,698,3169
21/09/2018,06 - 07,2511,726,3237
21/09/2018,07 - 08,2592,782,3374
21/09/2018,08 - 09,2608,789,3397
21/09/2018,09 - 10,3147,840,3987
21/09/2018,10 - 11,3458,914,4372
21/09/2018,11 - 12,3196,941,4137
21/09/2018,12 - 13,3078,951,4029
21/09/2018,13 - 14,2903,943,3846
21/09/2018,14 - 15,3175,942,4117
21/09/2018,15 - 16,3089,926,4015
21/09/2018,16 - 17,3034,915,3949
21/09/2018,17 - 18,3234,925,4159
21/09/2018,18 - 19,3011,927,3938
21/09/2018,19 - 20,3260,916,4176
21/09/2018,20 - 21,3251,936,4187
21/09/2018,21 - 22,2924,887,3811
21/09/2018,22 - 23,2803,887,3690
21/09/2018,23 - 00,2795,902,3697
22/09/2018,00 - 01,2679,792,3471
22/09/2018,01 - 02,2622,920,3542
22/09/2018,02 - 03,2740,905,3645
22/09/2018,03 - 04,2704,882,3586
22/09/2018,04 - 05,3012,850,3862
22/09/2018,05 - 06,3021,811,3832
22/09/2018,06 - 07,2716,765,3481
22/09/2018,07 - 08,2353,708,3061
22/09/2018,08 - 09,2626,725,3351
22/09/2018,09 - 10,2652,779,3431
22/09/2018,10 - 11,2915,865,3780
22/09/2018,11 - 12,2846,887,3733
22/09/2018,12 - 13,2761,863,3624
22/09/2018,13 - 14,2256,915,3171
22/09/2018,14 - 15,2203,926,3129
22/09/2018,15 - 16,2309,920,3229
22/09/2018,16 - 17,2905,888,3793
22/09/2018,17 - 18,3181,864,4045
22/09/2018,18 - 19,2830,830,3660
22/09/2018,19 - 20,3051,751,3802
22/09/2018,20 - 21,2844,782,3626
22/09/2018,21 - 22,2650,790,3440
22/09/2018,22 - 23,2604,799,3403
22/09/2018,23 - 00,2531,797,3328
23/09/2018,00 - 01,2341,751,3092
23/09/2018,01 - 02,2464,726,3190
23/09/2018,02 - 03,2421,706,3127
23/09/2018,03 - 04,2459,668,3127
23/09/2018,04 - 05,2349,604,2953
23/09/2018,05 - 06,2261,559,2820
23/09/2018,06 - 07,2192,546,2738
23/09/2018,07 - 08,2134,522,2656
23/09/2018,08 - 09,2048,431,2479
23/09/2018,09 - 10,2050,437,2487
23/09/2018,10 - 11,2169,369,2538
23/09/2018,11 - 12,2204,364,2568
23/09/2018,12 - 13,2211,317,2528
23/09/2018,13 - 14,2277,238,2515
23/09/2018,14 - 15,2325,212,2537
23/09/2018,15 - 16,2417,195,2612
23/09/2018,16 - 17,2528,180,2708
23/09/2018,17 - 18,2558,223,2781
23/09/2018,18 - 19,2399,268,2667
23/09/2018,19 - 20,2203,349,2552
23/09/2018,20 - 21,2112,451,2563
23/09/2018,21 - 22,2346,621,2967
23/09/2018,22 - 23,2380,704,3084
23/09/2018,23 - 00,2522,781,3303
24/09/2018,00 - 01,2295,694,2989
24/09/2018,01 - 02,2306,779,3085
24/09/2018,02 - 03,2606,807,3413
24/09/2018,03 - 04,2652,816,3468
24/09/2018,04 - 05,2440,805,3245
24/09/2018,05 - 06,2208,824,3032
24/09/2018,06 - 07,2029,830,2859
24/09/2018,07 - 08,2169,822,2991
24/09/2018,08 - 09,2022,821,2843
24/09/2018,09 - 10,2664,838,3502
24/09/2018,10 - 11,2699,845,3544
24/09/2018,11 - 12,2299,838,3137
24/09/2018,12 - 13,2232,813,3045
24/09/2018,13 - 14,2418,779,3197
24/09/2018,14 - 15,2633,722,3355
24/09/2018,15 - 16,2830,646,3476
24/09/2018,16 - 17,2992,843,3835
24/09/2018,17 - 18,2775,814,3589
24/09/2018,18 - 19,2518,794,3312
24/09/2018,19 - 20,2458,761,3219
24/09/2018,20 - 21,2474,744,3218
24/09/2018,21 - 22,2265,726,2991
24/09/2018,22 - 23,2031,628,2659
24/09/2018,23 - 00,1880,563,2443
25/09/2018,00 - 01,1754,647,2401
25/09/2018,01 - 02,1613,598,2211
25/09/2018,02 - 03,1473,535,2008
25/09/2018,03 - 04,1253,502,1755
25/09/2018,04 - 05,1245,478,1723
25/09/2018,05 - 06,1074,470,1544
25/09/2018,06 - 07,806,446,1252
25/09/2018,07 - 08,540,373,913
25/09/2018,08 - 09,375,261,636
25/09/2018,09 - 10,344,214,558
25/09/2018,10 - 11,501,207,708
25/09/2018,11 - 12,709,270,979
25/09/2018,12 - 13,746,233,979
25/09/2018,13 - 14,832,138,970
25/09/2018,14 - 15,995,175,1170
25/09/2018,15 - 16,1171,209,1380
25/09/2018,16 - 17,1316,182,1498
25/09/2018,17 - 18,1482,175,1657
25/09/2018,18 - 19,1455,248,1703
25/09/2018,19 - 20,1731,344,2075
25/09/2018,20 - 21,1969,356,2325
25/09/2018,21 - 22,2086,361,2447
25/09/2018,22 - 23,2334,368,2702
25/09/2018,23 - 00,2556,480,3036
26/09/2018,00 - 01,2834,597,3431
26/09/2018,01 - 02,3050,712,3762
26/09/2018,02 - 03,3147,803,3950
26/09/2018,03 - 04,3211,854,4065
26/09/2018,04 - 05,3405,907,4312
26/09/2018,05 - 06,3375,929,4304
26/09/2018,06 - 07,3593,953,4546
26/09/2018,07 - 08,3110,980,4090
26/09/2018,08 - 09,3108,990,4098
26/09/2018,09 - 10,3129,997,4126
26/09/2018,10 - 11,3355,1000,4355
26/09/2018,11 - 12,3426,997,4423
26/09/2018,12 - 13,3550,996,4546
26/09/2018,13 - 14,3250,997,4247
26/09/2018,14 - 15,3161,987,4148
26/09/2018,15 - 16,3126,981,4107
26/09/2018,16 - 17,3279,975,4254
26/09/2018,17 - 18,3264,949,4213
26/09/2018,18 - 19,2839,923,3762
26/09/2018,19 - 20,2653,904,3557
26/09/2018,20 - 21,2435,862,3297
26/09/2018,21 - 22,2262,821,3083
26/09/2018,22 - 23,2012,805,2817
26/09/2018,23 - 00,1924,789,2713
27/09/2018,00 - 01,1818,665,2483
27/09/2018,01 - 02,1655,631,2286
27/09/2018,02 - 03,1617,575,2192
27/09/2018,03 - 04,1614,638,2252
27/09/2018,04 - 05,1570,606,2176
27/09/2018,05 - 06,1379,579,1958
27/09/2018,06 - 07,1296,500,1796
27/09/2018,07 - 08,1643,545,2188
27/09/2018,08 - 09,2398,615,3013
27/09/2018,09 - 10,2934,610,3544
27/09/2018,10 - 11,3270,545,3815
27/09/2018,11 - 12,3227,587,3814
27/09/2018,12 - 13,3322,759,4081
27/09/2018,13 - 14,3448,794,4242
27/09/2018,14 - 15,3516,785,4301
27/09/2018,15 - 16,3547,860,4407
27/09/2018,16 - 17,3575,870,4445
27/09/2018,17 - 18,3528,844,4372
27/09/2018,18 - 19,3310,843,4153
27/09/2018,19 - 20,3256,855,4111
27/09/2018,20 - 21,3180,866,4046
27/09/2018,21 - 22,3049,869,3918
27/09/2018,22 - 23,2948,871,3819
27/09/2018,23 - 00,2868,839,3707
28/09/2018,00 - 01,2815,793,3608
28/09/2018,01 - 02,2836,795,3631
28/09/2018,02 - 03,3003,802,3805
28/09/2018,03 - 04,2982,787,3769
28/09/2018,04 - 05,2941,751,3692
28/09/2018,05 - 06,2861,760,3621
28/09/2018,06 - 07,2740,757,3497
28/09/2018,07 - 08,2608,735,3343
28/09/2018,08 - 09,2391,722,3113
28/09/2018,09 - 10,2437,770,3207
28/09/2018,10 - 11,2762,783,3545
28/09/2018,11 - 12,2670,722,3392
28/09/2018,12 - 13,2619,656,3275
28/09/2018,13 - 14,2284,614,2898
28/09/2018,14 - 15,2425,608,3033
28/09/2018,15 - 16,2624,608,3232
28/09/2018,16 - 17,2699,572,3271
28/09/2018,17 - 18,2785,565,3350
28/09/2018,18 - 19,2538,554,3092
28/09/2018,19 - 20,2200,578,2778
28/09/2018,20 - 21,1924,503,2427
28/09/2018,21 - 22,1726,503,2229
28/09/2018,22 - 23,1464,513,1977
28/09/2018,23 - 00,1317,512,1829
29/09/2018,00 - 01,1160,433,1593
29/09/2018,01 - 02,1048,363,1411
29/09/2018,02 - 03,914,271,1185
29/09/2018,03 - 04,765,218,983
29/09/2018,04 - 05,757,166,923
29/09/2018,05 - 06,737,120,857
29/09/2018,06 - 07,784,115,899
29/09/2018,07 - 08,786,126,912
29/09/2018,08 - 09,815,112,927
29/09/2018,09 - 10,899,110,1009
29/09/2018,10 - 11,1222,142,1364
29/09/2018,11 - 12,1647,209,1856
29/09/2018,12 - 13,2183,268,2451
29/09/2018,13 - 14,2452,311,2763
29/09/2018,14 - 15,2588,334,2922
29/09/2018,15 - 16,2734,381,3115
29/09/2018,16 - 17,2716,414,3130
29/09/2018,17 - 18,2677,449,3126
29/09/2018,18 - 19,2693,556,3249
29/09/2018,19 - 20,2659,548,3207
29/09/2018,20 - 21,2621,565,3186
29/09/2018,21 - 22,2555,619,3174
29/09/2018,22 - 23,2443,654,3097
29/09/2018,23 - 00,2465,709,3174
30/09/2018,00 - 01,2539,699,3238
30/09/2018,01 - 02,2506,698,3204
30/09/2018,02 - 03,2380,724,3104
30/09/2018,03 - 04,2248,705,2953
30/09/2018,04 - 05,2195,662,2857
30/09/2018,05 - 06,2125,639,2764
30/09/2018,06 - 07,2051,623,2674
30/09/2018,07 - 08,1833,600,2433
30/09/2018,08 - 09,1976,582,2558
30/09/2018,09 - 10,1813,542,2355
30/09/2018,10 - 11,1877,517,2394
30/09/2018,11 - 12,2073,519,2592
30/09/2018,12 - 13,1978,527,2505
30/09/2018,13 - 14,1806,509,2315
30/09/2018,14 - 15,1611,443,2054
30/09/2018,15 - 16,1473,394,1867
30/09/2018,16 - 17,1308,323,1631
30/09/2018,17 - 18,958,221,1179
30/09/2018,18 - 19,678,201,879
30/09/2018,19 - 20,585,189,774
30/09/2018,20 - 21,635,193,828
30/09/2018,21 - 22,722,167,889
30/09/2018,22 - 23,691,121,812
30/09/2018,23 - 00,691,86,777
01/10/2018,00 - 01,728,86,814
01/10/2018,01 - 02,677,65,742
01/10/2018,02 - 03,665,49,714
01/10/2018,03 - 04,815,47,862
01/10/2018,04 - 05,843,51,894
01/10/2018,05 - 06,861,48,909
01/10/2018,06 - 07,945,37,982
01/10/2018,07 - 08,1036,43,1079
01/10/2018,08 - 09,1161,54,1215
01/10/2018,09 - 10,1135,65,1200
01/10/2018,10 - 11,1306,85,1391
01/10/2018,11 - 12,1436,172,1608
01/10/2018,12 - 13,1714,270,1984
01/10/2018,13 - 14,1765,314,2079
01/10/2018,14 - 15,1963,293,2256
01/10/2018,15 - 16,1974,345,2319
01/10/2018,16 - 17,1959,462,2421
01/10/2018,17 - 18,1915,492,2407
01/10/2018,18 - 19,1694,481,2175
01/10/2018,19 - 20,1806,548,2354
01/10/2018,20 - 21,1837,542,2379
01/10/2018,21 - 22,1694,546,2240
01/10/2018,22 - 23,1590,585,2175
01/10/2018,23 - 00,1451,576,2027
02/10/2018,00 - 01,1578,591,2169
02/10/2018,01 - 02,1658,579,2237
02/10/2018,02 - 03,1559,582,2141
02/10/2018,03 - 04,1470,459,1929
02/10/2018,04 - 05,1526,425,1951
02/10/2018,05 - 06,1548,397,1945
02/10/2018,06 - 07,1453,471,1924
02/10/2018,07 - 08,1324,600,1924
02/10/2018,08 - 09,1889,640,2529
02/10/2018,09 - 10,2391,723,3114
02/10/2018,10 - 11,2864,807,3671
02/10/2018,11 - 12,2834,900,3734
02/10/2018,12 - 13,2604,945,3549
02/10/2018,13 - 14,3068,934,4002
02/10/2018,14 - 15,3020,919,3939
02/10/2018,15 - 16,2977,902,3879
02/10/2018,16 - 17,2800,919,3719
02/10/2018,17 - 18,3127,935,4062
02/10/2018,18 - 19,3065,939,4004
02/10/2018,19 - 20,3213,973,4186
02/10/2018,20 - 21,3624,1001,4625
02/10/2018,21 - 22,3536,1011,4547
02/10/2018,22 - 23,2871,973,3844
02/10/2018,23 - 00,2536,991,3527
03/10/2018,00 - 01,2569,980,3549
03/10/2018,01 - 02,2530,966,3496
03/10/2018,02 - 03,2300,961,3261
03/10/2018,03 - 04,2176,944,3120
03/10/2018,04 - 05,1970,917,2887
03/10/2018,05 - 06,1884,890,2774
03/10/2018,06 - 07,1699,891,2590
03/10/2018,07 - 08,1879,875,2754
03/10/2018,08 - 09,2111,845,2956
03/10/2018,09 - 10,2013,846,2859
03/10/2018,10 - 11,1991,882,2873
03/10/2018,11 - 12,2008,885,2893
03/10/2018,12 - 13,1821,836,2657
03/10/2018,13 - 14,1864,804,2668
03/10/2018,14 - 15,1824,770,2594
03/10/2018,15 - 16,1954,829,2783
03/10/2018,16 - 17,2048,841,2889
03/10/2018,17 - 18,2192,808,3000
03/10/2018,18 - 19,2108,729,2837
03/10/2018,19 - 20,2004,715,2719
03/10/2018,20 - 21,1854,662,2516
03/10/2018,21 - 22,1679,589,2268
03/10/2018,22 - 23,1419,556,1975
03/10/2018,23 - 00,1174,443,1617
04/10/2018,00 - 01,940,327,1267
04/10/2018,01 - 02,751,307,1058
04/10/2018,02 - 03,566,244,810
04/10/2018,03 - 04,454,189,643
04/10/2018,04 - 05,414,147,561
04/10/2018,05 - 06,344,116,460
04/10/2018,06 - 07,402,161,563
04/10/2018,07 - 08,404,147,551
04/10/2018,08 - 09,374,71,445
04/10/2018,09 - 10,495,101,596
04/10/2018,10 - 11,744,202,946
04/10/2018,11 - 12,1017,283,1300
04/10/2018,12 - 13,1285,318,1603
04/10/2018,13 - 14,1546,363,1909
04/10/2018,14 - 15,1725,413,2138
04/10/2018,15 - 16,1872,400,2272
04/10/2018,16 - 17,1839,394,2233
04/10/2018,17 - 18,1717,413,2130
04/10/2018,18 - 19,1640,411,2051
04/10/2018,19 - 20,1655,354,2009
04/10/2018,20 - 21,1816,387,2203
04/10/2018,21 - 22,1984,485,2469
04/10/2018,22 - 23,2174,528,2702
04/10/2018,23 - 00,2339,510,2849
05/10/2018,00 - 01,2377,506,2883
05/10/2018,01 - 02,2040,411,2451
05/10/2018,02 - 03,2028,349,2377
05/10/2018,03 - 04,2099,376,2475
05/10/2018,04 - 05,1840,486,2326
05/10/2018,05 - 06,1394,476,1870
05/10/2018,06 - 07,1264,445,1709
05/10/2018,07 - 08,1040,412,1452
05/10/2018,08 - 09,872,428,1300
05/10/2018,09 - 10,836,412,1248
05/10/2018,10 - 11,858,390,1248
05/10/2018,11 - 12,930,388,1318
05/10/2018,12 - 13,1148,388,1536
05/10/2018,13 - 14,1282,351,1633
05/10/2018,14 - 15,1211,310,1521
05/10/2018,15 - 16,1035,245,1280
05/10/2018,16 - 17,957,178,1135
05/10/2018,17 - 18,864,165,1029
05/10/2018,18 - 19,851,250,1101
05/10/2018,19 - 20,857,284,1141
05/10/2018,20 - 21,860,392,1252
05/10/2018,21 - 22,788,506,1294
05/10/2018,22 - 23,726,554,1280
05/10/2018,23 - 00,655,442,1097
06/10/2018,00 - 01,621,337,958
06/10/2018,01 - 02,406,263,669
06/10/2018,02 - 03,303,201,504
06/10/2018,03 - 04,236,130,366
06/10/2018,04 - 05,220,73,293
06/10/2018,05 - 06,262,32,294
06/10/2018,06 - 07,227,7,234
06/10/2018,07 - 08,199,6,205
06/10/2018,08 - 09,144,4,148
06/10/2018,09 - 10,150,3,153
06/10/2018,10 - 11,226,4,230
06/10/2018,11 - 12,367,6,373
06/10/2018,12 - 13,518,11,529
06/10/2018,13 - 14,534,15,549
06/10/2018,14 - 15,490,18,508
06/10/2018,15 - 16,517,15,532
06/10/2018,16 - 17,679,24,703
06/10/2018,17 - 18,762,28,790
06/10/2018,18 - 19,845,31,876
06/10/2018,19 - 20,882,32,914
06/10/2018,20 - 21,908,34,942
06/10/2018,21 - 22,975,52,1027
06/10/2018,22 - 23,1179,73,1252
06/10/2018,23 - 00,1029,96,1125
07/10/2018,00 - 01,939,154,1093
07/10/2018,01 - 02,830,266,1096
07/10/2018,02 - 03,904,539,1443
07/10/2018,03 - 04,1036,697,1733
07/10/2018,04 - 05,1178,716,1894
07/10/2018,05 - 06,1105,651,1756
07/10/2018,06 - 07,1114,540,1654
07/10/2018,07 - 08,960,451,1411
07/10/2018,08 - 09,754,368,1122
07/10/2018,09 - 10,581,304,885
07/10/2018,10 - 11,406,259,665
07/10/2018,11 - 12,406,246,652
07/10/2018,12 - 13,508,175,683
07/10/2018,13 - 14,491,100,591
07/10/2018,14 - 15,441,75,516
07/10/2018,15 - 16,328,62,390
07/10/2018,16 - 17,212,25,237
07/10/2018,17 - 18,114,9,123
07/10/2018,18 - 19,131,13,144
07/10/2018,19 - 20,274,28,302
07/10/2018,20 - 21,507,48,555
07/10/2018,21 - 22,668,48,716
07/10/2018,22 - 23,933,70,1003
07/10/2018,23 - 00,1271,106,1377
08/10/2018,00 - 01,1511,162,1673
08/10/2018,01 - 02,1766,230,1996
08/10/2018,02 - 03,2114,273,2387
08/10/2018,03 - 04,2418,311,2729
08/10/2018,04 - 05,2399,371,2770
08/10/2018,05 - 06,2463,484,2947
08/10/2018,06 - 07,2374,553,2927
08/10/2018,07 - 08,2604,583,3187
08/10/2018,08 - 09,2647,595,3242
08/10/2018,09 - 10,2761,607,3368
08/10/2018,10 - 11,2875,647,3522
08/10/2018,11 - 12,2943,687,3630
08/10/2018,12 - 13,2925,715,3640
08/10/2018,13 - 14,2812,612,3424
08/10/2018,14 - 15,2753,554,3307
08/10/2018,15 - 16,2506,503,3009
08/10/2018,16 - 17,2257,453,2710
08/10/2018,17 - 18,2200,399,2599
08/10/2018,18 - 19,2175,346,2521
08/10/2018,19 - 20,2172,347,2519
08/10/2018,20 - 21,2131,361,2492
08/10/2018,21 - 22,2047,316,2363
08/10/2018,22 - 23,1995,322,2317
08/10/2018,23 - 00,2045,335,2380
09/10/2018,00 - 01,1766,326,2092
09/10/2018,01 - 02,1723,325,2048
09/10/2018,02 - 03,1529,299,1828
09/10/2018,03 - 04,1480,302,1782
09/10/2018,04 - 05,1408,289,1697
09/10/2018,05 - 06,1558,274,1832
09/10/2018,06 - 07,1580,298,1878
09/10/2018,07 - 08,1899,354,2253
09/10/2018,08 - 09,1955,381,2336
09/10/2018,09 - 10,2187,399,2586
09/10/2018,10 - 11,2201,412,2613
09/10/2018,11 - 12,2518,421,2939
09/10/2018,12 - 13,2678,436,3114
09/10/2018,13 - 14,2654,420,3074
09/10/2018,14 - 15,2654,391,3045
09/10/2018,15 - 16,2622,420,3042
09/10/2018,16 - 17,2565,391,2956
09/10/2018,17 - 18,2713,347,3060
09/10/2018,18 - 19,2456,333,2789
09/10/2018,19 - 20,2093,265,2358
09/10/2018,20 - 21,2057,230,2287
09/10/2018,21 - 22,1981,243,2224
09/10/2018,22 - 23,1884,199,2083
09/10/2018,23 - 00,1692,174,1866
10/10/2018,00 - 01,1637,172,1809
10/10/2018,01 - 02,1336,134,1470
10/10/2018,02 - 03,1009,113,1122
10/10/2018,03 - 04,866,85,951
10/10/2018,04 - 05,774,46,820
10/10/2018,05 - 06,727,19,746
10/10/2018,06 - 07,617,13,630
10/10/2018,07 - 08,482,13,495
10/10/2018,08 - 09,392,16,408
10/10/2018,09 - 10,327,15,342
10/10/2018,10 - 11,274,8,282
10/10/2018,11 - 12,206,7,213
10/10/2018,12 - 13,115,10,125
10/10/2018,13 - 14,101,16,117
10/10/2018,14 - 15,78,30,108
10/10/2018,15 - 16,77,45,122
10/10/2018,16 - 17,101,63,164
10/10/2018,17 - 18,135,112,247
10/10/2018,18 - 19,301,195,496
10/10/2018,19 - 20,671,360,1031
10/10/2018,20 - 21,1016,498,1514
10/10/2018,21 - 22,1200,515,1715
10/10/2018,22 - 23,1260,505,1765
10/10/2018,23 - 00,1469,569,2038
11/10/2018,00 - 01,1652,551,2203
11/10/2018,01 - 02,1694,553,2247
11/10/2018,02 - 03,1816,563,2379
11/10/2018,03 - 04,1830,580,2410
11/10/2018,04 - 05,1586,549,2135
11/10/2018,05 - 06,1712,532,2244
11/10/2018,06 - 07,1820,516,2336
11/10/2018,07 - 08,2034,611,2645
11/10/2018,08 - 09,1747,553,2300
11/10/2018,09 - 10,1580,421,2001
11/10/2018,10 - 11,1814,356,2170
11/10/2018,11 - 12,1873,387,2260
11/10/2018,12 - 13,1838,397,2235
11/10/2018,13 - 14,1770,346,2116
11/10/2018,14 - 15,1665,434,2099
11/10/2018,15 - 16,1763,520,2283
11/10/2018,16 - 17,1541,520,2061
11/10/2018,17 - 18,1406,407,1813
11/10/2018,18 - 19,1495,383,1878
11/10/2018,19 - 20,1574,463,2037
11/10/2018,20 - 21,1498,482,1980
11/10/2018,21 - 22,1576,508,2084
11/10/2018,22 - 23,1550,539,2089
11/10/2018,23 - 00,1249,607,1856
12/10/2018,00 - 01,1420,561,1981
12/10/2018,01 - 02,1354,549,1903
12/10/2018,02 - 03,1342,527,1869
12/10/2018,03 - 04,1368,476,1844
12/10/2018,04 - 05,1210,451,1661
12/10/2018,05 - 06,1287,413,1700
12/10/2018,06 - 07,1449,329,1778
12/10/2018,07 - 08,1392,311,1703
12/10/2018,08 - 09,1228,305,1533
12/10/2018,09 - 10,1269,271,1540
12/10/2018,10 - 11,1377,232,1609
12/10/2018,11 - 12,1505,214,1719
12/10/2018,12 - 13,1509,195,1704
12/10/2018,13 - 14,1339,129,1468
12/10/2018,14 - 15,1518,110,1628
12/10/2018,15 - 16,1618,98,1716
12/10/2018,16 - 17,1545,89,1634
12/10/2018,17 - 18,1409,79,1488
12/10/2018,18 - 19,1501,85,1586
12/10/2018,19 - 20,1681,138,1819
12/10/2018,20 - 21,1897,216,2113
12/10/2018,21 - 22,2024,311,2335
12/10/2018,22 - 23,2188,358,2546
12/10/2018,23 - 00,2190,381,2571
13/10/2018,00 - 01,1817,401,2218
13/10/2018,01 - 02,1810,445,2255
13/10/2018,02 - 03,1905,427,2332
13/10/2018,03 - 04,2050,450,2500
13/10/2018,04 - 05,2180,457,2637
13/10/2018,05 - 06,2145,367,2512
13/10/2018,06 - 07,2132,378,2510
13/10/2018,07 - 08,2163,359,2522
13/10/2018,08 - 09,2107,352,2459
13/10/2018,09 - 10,1993,333,2326
13/10/2018,10 - 11,1871,279,2150
13/10/2018,11 - 12,1913,259,2172
13/10/2018,12 - 13,1999,259,2258
13/10/2018,13 - 14,2081,238,2319
13/10/2018,14 - 15,2104,254,2358
13/10/2018,15 - 16,2041,281,2322
13/10/2018,16 - 17,1880,336,2216
13/10/2018,17 - 18,1728,368,2096
13/10/2018,18 - 19,1870,472,2342
13/10/2018,19 - 20,2038,575,2613
13/10/2018,20 - 21,1955,624,2579
13/10/2018,21 - 22,2029,673,2702
13/10/2018,22 - 23,1659,560,2219
13/10/2018,23 - 00,1589,542,2131
14/10/2018,00 - 01,1613,536,2149
14/10/2018,01 - 02,1756,525,2281
14/10/2018,02 - 03,1778,469,2247
14/10/2018,03 - 04,1726,361,2087
14/10/2018,04 - 05,1564,306,1870
14/10/2018,05 - 06,1843,321,2164
14/10/2018,06 - 07,1831,468,2299
14/10/2018,07 - 08,1851,505,2356
14/10/2018,08 - 09,1560,530,2090
14/10/2018,09 - 10,1435,497,1932
14/10/2018,10 - 11,1376,436,1812
14/10/2018,11 - 12,1301,355,1656
14/10/2018,12 - 13,1287,316,1603
14/10/2018,13 - 14,1376,350,1726
14/10/2018,14 - 15,1452,408,1860
14/10/2018,15 - 16,1407,423,1830
14/10/2018,16 - 17,1574,489,2063
14/10/2018,17 - 18,1533,568,2101
14/10/2018,18 - 19,1835,691,2526
14/10/2018,19 - 20,2061,704,2765
14/10/2018,20 - 21,2117,675,2792
14/10/2018,21 - 22,1940,613,2553
14/10/2018,22 - 23,1722,499,2221
14/10/2018,23 - 00,1568,389,1957
15/10/2018,00 - 01,1214,326,1540
15/10/2018,01 - 02,1163,267,1430
15/10/2018,02 - 03,962,249,1211
15/10/2018,03 - 04,745,231,976
15/10/2018,04 - 05,599,185,784
15/10/2018,05 - 06,478,195,673
15/10/2018,06 - 07,350,191,541
15/10/2018,07 - 08,281,183,464
15/10/2018,08 - 09,273,166,439
15/10/2018,09 - 10,273,153,426
15/10/2018,10 - 11,213,117,330
15/10/2018,11 - 12,169,65,234
15/10/2018,12 - 13,182,54,236
15/10/2018,13 - 14,208,37,245
15/10/2018,14 - 15,195,31,226
15/10/2018,15 - 16,186,45,231
15/10/2018,16 - 17,307,81,388
15/10/2018,17 - 18,448,115,563
15/10/2018,18 - 19,547,142,689
15/10/2018,19 - 20,517,149,666
15/10/2018,20 - 21,431,166,597
15/10/2018,21 - 22,368,212,580
15/10/2018,22 - 23,318,206,524
15/10/2018,23 - 00,267,218,485
16/10/2018,00 - 01,218,211,429
16/10/2018,01 - 02,285,135,420
16/10/2018,02 - 03,255,93,348
16/10/2018,03 - 04,212,61,273
16/10/2018,04 - 05,152,46,198
16/10/2018,05 - 06,106,45,151
16/10/2018,06 - 07,47,46,93
16/10/2018,07 - 08,37,24,61
16/10/2018,08 - 09,35,20,55
16/10/2018,09 - 10,24,16,40
16/10/2018,10 - 11,9,32,41
16/10/2018,11 - 12,7,14,21
16/10/2018,12 - 13,7,8,15
16/10/2018,13 - 14,9,9,18
16/10/2018,14 - 15,16,11,27
16/10/2018,15 - 16,24,12,36
16/10/2018,16 - 17,31,10,41
16/10/2018,17 - 18,43,12,55
16/10/2018,18 - 19,83,13,96
16/10/2018,19 - 20,182,13,195
16/10/2018,20 - 21,292,11,303
16/10/2018,21 - 22,409,9,418
16/10/2018,22 - 23,390,9,399
16/10/2018,23 - 00,431,10,441
17/10/2018,00 - 01,518,12,530
17/10/2018,01 - 02,575,13,588
17/10/2018,02 - 03,648,13,661
17/10/2018,03 - 04,639,12,651
17/10/2018,04 - 05,591,13,604
17/10/2018,05 - 06,589,19,608
17/10/2018,06 - 07,625,28,653
17/10/2018,07 - 08,734,30,764
17/10/2018,08 - 09,856,35,891
17/10/2018,09 - 10,843,35,878
17/10/2018,10 - 11,740,27,767
17/10/2018,11 - 12,678,23,701
17/10/2018,12 - 13,685,20,705
17/10/2018,13 - 14,618,19,637
17/10/2018,14 - 15,456,19,475
17/10/2018,15 - 16,397,15,412
17/10/2018,16 - 17,262,13,275
17/10/2018,17 - 18,135,15,150
17/10/2018,18 - 19,57,20,77
17/10/2018,19 - 20,39,28,67
17/10/2018,20 - 21,41,28,69
17/10/2018,21 - 22,54,28,82
17/10/2018,22 - 23,68,28,96
17/10/2018,23 - 00,144,27,171
18/10/2018,00 - 01,221,21,242
18/10/2018,01 - 02,286,30,316
18/10/2018,02 - 03,507,74,581
18/10/2018,03 - 04,690,100,790
18/10/2018,04 - 05,714,79,793
18/10/2018,05 - 06,846,97,943
18/10/2018,06 - 07,903,114,1017
18/10/2018,07 - 08,930,160,1090
18/10/2018,08 - 09,917,170,1087
18/10/2018,09 - 10,925,184,1109
18/10/2018,10 - 11,1124,249,1373
18/10/2018,11 - 12,1389,329,1718
18/10/2018,12 - 13,1339,409,1748
18/10/2018,13 - 14,1315,405,1720
18/10/2018,14 - 15,1273,348,1621
18/10/2018,15 - 16,1231,348,1579
18/10/2018,16 - 17,1141,357,1498
18/10/2018,17 - 18,904,267,1171
18/10/2018,18 - 19,792,198,990
18/10/2018,19 - 20,770,149,919
18/10/2018,20 - 21,741,120,861
18/10/2018,21 - 22,594,121,715
18/10/2018,22 - 23,461,136,597
18/10/2018,23 - 00,443,111,554
19/10/2018,00 - 01,409,81,490
19/10/2018,01 - 02,371,62,433
19/10/2018,02 - 03,320,50,370
19/10/2018,03 - 04,320,52,372
19/10/2018,04 - 05,268,57,325
19/10/2018,05 - 06,205,56,261
19/10/2018,06 - 07,191,49,240
19/10/2018,07 - 08,196,29,225
19/10/2018,08 - 09,187,35,222
19/10/2018,09 - 10,216,20,236
19/10/2018,10 - 11,194,12,206
19/10/2018,11 - 12,229,20,249
19/10/2018,12 - 13,315,35,350
19/10/2018,13 - 14,363,39,402
19/10/2018,14 - 15,343,36,379
19/10/2018,15 - 16,316,37,353
19/10/2018,16 - 17,236,26,262
19/10/2018,17 - 18,184,20,204
19/10/2018,18 - 19,257,19,276
19/10/2018,19 - 20,338,15,353
19/10/2018,20 - 21,423,15,438
19/10/2018,21 - 22,425,18,443
19/10/2018,22 - 23,533,33,566
19/10/2018,23 - 00,782,66,848
20/10/2018,00 - 01,948,84,1032
20/10/2018,01 - 02,1137,106,1243
20/10/2018,02 - 03,1047,126,1173
20/10/2018,03 - 04,927,109,1036
20/10/2018,04 - 05,990,105,1095
20/10/2018,05 - 06,824,153,977
20/10/2018,06 - 07,938,202,1140
20/10/2018,07 - 08,891,300,1191
20/10/2018,08 - 09,884,389,1273
20/10/2018,09 - 10,817,397,1214
20/10/2018,10 - 11,732,368,1100
20/10/2018,11 - 12,966,295,1261
20/10/2018,12 - 13,1028,203,1231
20/10/2018,13 - 14,1154,196,1350
20/10/2018,14 - 15,1158,215,1373
20/10/2018,15 - 16,1177,216,1393
20/10/2018,16 - 17,888,185,1073
20/10/2018,17 - 18,759,157,916
20/10/2018,18 - 19,589,95,684
20/10/2018,19 - 20,509,84,593
20/10/2018,20 - 21,394,100,494
20/10/2018,21 - 22,311,116,427
20/10/2018,22 - 23,350,86,436
20/10/2018,23 - 00,401,54,455
21/10/2018,00 - 01,515,31,546
21/10/2018,01 - 02,569,52,621
21/10/2018,02 - 03,631,56,687
21/10/2018,03 - 04,666,28,694
21/10/2018,04 - 05,700,15,715
21/10/2018,05 - 06,769,17,786
21/10/2018,06 - 07,872,42,914
21/10/2018,07 - 08,1015,61,1076
21/10/2018,08 - 09,1207,74,1281
21/10/2018,09 - 10,1378,88,1466
21/10/2018,10 - 11,1482,126,1608
21/10/2018,11 - 12,1639,171,1810
21/10/2018,12 - 13,1933,197,2130
21/10/2018,13 - 14,2219,226,2445
21/10/2018,14 - 15,2369,248,2617
21/10/2018,15 - 16,2398,300,2698
21/10/2018,16 - 17,2420,357,2777
21/10/2018,17 - 18,2496,377,2873
21/10/2018,18 - 19,2568,391,2959
21/10/2018,19 - 20,2591,400,2991
21/10/2018,20 - 21,2592,520,3112
21/10/2018,21 - 22,2145,555,2700
21/10/2018,22 - 23,1901,560,2461
21/10/2018,23 - 00,2078,570,2648
22/10/2018,00 - 01,1860,558,2418
22/10/2018,01 - 02,1696,471,2167
22/10/2018,02 - 03,1861,514,2375
22/10/2018,03 - 04,2062,517,2579
22/10/2018,04 - 05,2100,466,2566
22/10/2018,05 - 06,2214,504,2718
22/10/2018,06 - 07,2449,480,2929
22/10/2018,07 - 08,2369,443,2812
22/10/2018,08 - 09,2283,496,2779
22/10/2018,09 - 10,2330,539,2869
22/10/2018,10 - 11,2449,564,3013
22/10/2018,11 - 12,2787,753,3540
22/10/2018,12 - 13,2791,771,3562
22/10/2018,13 - 14,2725,795,3520
22/10/2018,14 - 15,2803,760,3563
22/10/2018,15 - 16,2651,736,3387
22/10/2018,16 - 17,2503,691,3194
22/10/2018,17 - 18,2218,632,2850
22/10/2018,18 - 19,2174,591,2765
22/10/2018,19 - 20,2305,584,2889
22/10/2018,20 - 21,2520,653,3173
22/10/2018,21 - 22,2799,718,3517
22/10/2018,22 - 23,2967,793,3760
22/10/2018,23 - 00,3052,834,3886
23/10/2018,00 - 01,3107,859,3966
23/10/2018,01 - 02,2978,819,3797
23/10/2018,02 - 03,3038,821,3859
23/10/2018,03 - 04,3108,899,4007
23/10/2018,04 - 05,3180,989,4169
23/10/2018,05 - 06,2997,959,3956
23/10/2018,06 - 07,2865,975,3840
23/10/2018,07 - 08,2938,1004,3942
23/10/2018,08 - 09,3103,1017,4120
23/10/2018,09 - 10,3468,1017,4485
23/10/2018,10 - 11,3555,1006,4561
23/10/2018,11 - 12,3549,1003,4552
23/10/2018,12 - 13,3445,974,4419
23/10/2018,13 - 14,3546,980,4526
23/10/2018,14 - 15,3579,1002,4581
23/10/2018,15 - 16,3433,966,4399
23/10/2018,16 - 17,3406,998,4404
23/10/2018,17 - 18,3529,994,4523
23/10/2018,18 - 19,3547,998,4545
23/10/2018,19 - 20,3547,995,4542
23/10/2018,20 - 21,3486,994,4480
23/10/2018,21 - 22,3453,989,4442
23/10/2018,22 - 23,3221,939,4160
23/10/2018,23 - 00,2510,836,3346
24/10/2018,00 - 01,2429,926,3355
24/10/2018,01 - 02,2437,909,3346
24/10/2018,02 - 03,2376,874,3250
24/10/2018,03 - 04,2418,839,3257
24/10/2018,04 - 05,2633,824,3457
24/10/2018,05 - 06,2263,773,3036
24/10/2018,06 - 07,2078,755,2833
24/10/2018,07 - 08,1842,736,2578
24/10/2018,08 - 09,1840,723,2563
24/10/2018,09 - 10,1535,716,2251
24/10/2018,10 - 11,1485,709,2194
24/10/2018,11 - 12,1580,714,2294
24/10/2018,12 - 13,1576,638,2214
24/10/2018,13 - 14,1446,543,1989
24/10/2018,14 - 15,1513,470,1983
24/10/2018,15 - 16,1811,417,2228
24/10/2018,16 - 17,1777,399,2176
24/10/2018,17 - 18,1770,488,2258
24/10/2018,18 - 19,1681,349,2030
24/10/2018,19 - 20,1816,375,2191
24/10/2018,20 - 21,2264,469,2733
24/10/2018,21 - 22,2732,478,3210
24/10/2018,22 - 23,2969,454,3423
24/10/2018,23 - 00,3020,658,3678
25/10/2018,00 - 01,2865,801,3666
25/10/2018,01 - 02,3100,880,3980
25/10/2018,02 - 03,3114,931,4045
25/10/2018,03 - 04,2750,928,3678
25/10/2018,04 - 05,2900,913,3813
25/10/2018,05 - 06,3036,948,3984
25/10/2018,06 - 07,3038,959,3997
25/10/2018,07 - 08,2959,971,3930
25/10/2018,08 - 09,3024,977,4001
25/10/2018,09 - 10,3054,984,4038
25/10/2018,10 - 11,2956,981,3937
25/10/2018,11 - 12,2597,977,3574
25/10/2018,12 - 13,3118,977,4095
25/10/2018,13 - 14,3138,970,4108
25/10/2018,14 - 15,3096,962,4058
25/10/2018,15 - 16,2808,960,3768
25/10/2018,16 - 17,2765,938,3703
25/10/2018,17 - 18,2527,892,3419
25/10/2018,18 - 19,2234,858,3092
25/10/2018,19 - 20,2572,838,3410
25/10/2018,20 - 21,2419,782,3201
25/10/2018,21 - 22,2356,747,3103
25/10/2018,22 - 23,2061,721,2782
25/10/2018,23 - 00,1650,653,2303
26/10/2018,00 - 01,1393,598,1991
26/10/2018,01 - 02,1276,506,1782
26/10/2018,02 - 03,1064,436,1500
26/10/2018,03 - 04,834,362,1196
26/10/2018,04 - 05,666,299,965
26/10/2018,05 - 06,602,180,782
26/10/2018,06 - 07,559,161,720
26/10/2018,07 - 08,682,213,895
26/10/2018,08 - 09,715,313,1028
26/10/2018,09 - 10,926,507,1433
26/10/2018,10 - 11,995,619,1614
26/10/2018,11 - 12,1224,690,1914
26/10/2018,12 - 13,1421,709,2130
26/10/2018,13 - 14,1400,714,2114
26/10/2018,14 - 15,1481,698,2179
26/10/2018,15 - 16,1446,673,2119
26/10/2018,16 - 17,1340,620,1960
26/10/2018,17 - 18,1223,613,1836
26/10/2018,18 - 19,1040,530,1570
26/10/2018,19 - 20,1441,410,1851
26/10/2018,20 - 21,1608,414,2022
26/10/2018,21 - 22,1681,570,2251
26/10/2018,22 - 23,1911,609,2520
26/10/2018,23 - 00,2010,717,2727
27/10/2018,00 - 01,2145,790,2935
27/10/2018,01 - 02,2460,836,3296
27/10/2018,02 - 03,2597,856,3453
27/10/2018,03 - 04,2899,836,3735
27/10/2018,04 - 05,2955,817,3772
27/10/2018,05 - 06,2886,784,3670
27/10/2018,06 - 07,2828,807,3635
27/10/2018,07 - 08,2304,779,3083
27/10/2018,08 - 09,2157,743,2900
27/10/2018,09 - 10,2304,803,3107
27/10/2018,10 - 11,2251,847,3098
27/10/2018,11 - 12,2312,820,3132
27/10/2018,12 - 13,2296,803,3099
27/10/2018,13 - 14,2205,742,2947
27/10/2018,14 - 15,2099,665,2764
27/10/2018,15 - 16,1863,544,2407
27/10/2018,16 - 17,1538,391,1929
27/10/2018,17 - 18,1233,293,1526
27/10/2018,18 - 19,1098,255,1353
27/10/2018,19 - 20,1064,273,1337
27/10/2018,20 - 21,1097,254,1351
27/10/2018,21 - 22,1084,218,1302
27/10/2018,22 - 23,1095,153,1248
27/10/2018,23 - 00,972,123,1095
28/10/2018,00 - 01,834,104,938
28/10/2018,01 - 02,860,118,978
28/10/2018,02 - 03,677,161,838
28/10/2018,02 - 03,675,161,836
28/10/2018,03 - 04,726,158,884
28/10/2018,04 - 05,850,152,1002
28/10/2018,05 - 06,1022,171,1193
28/10/2018,06 - 07,1139,193,1332
28/10/2018,07 - 08,1259,196,1455
28/10/2018,08 - 09,1262,254,1516
28/10/2018,09 - 10,1227,238,1465
28/10/2018,10 - 11,1310,224,1534
28/10/2018,11 - 12,1591,243,1834
28/10/2018,12 - 13,1724,229,1953
28/10/2018,13 - 14,1810,246,2056
28/10/2018,14 - 15,1738,241,1979
28/10/2018,15 - 16,1614,304,1918
28/10/2018,16 - 17,1575,381,1956
28/10/2018,17 - 18,1753,491,2244
28/10/2018,18 - 19,1862,514,2376
28/10/2018,19 - 20,1947,703,2650
28/10/2018,20 - 21,1974,709,2683
28/10/2018,21 - 22,2038,768,2806
28/10/2018,22 - 23,1992,792,2784
28/10/2018,23 - 00,1960,790,2750
29/10/2018,00 - 01,1944,794,2738
29/10/2018,01 - 02,2090,793,2883
29/10/2018,02 - 03,2251,786,3037
29/10/2018,03 - 04,2365,720,3085
29/10/2018,04 - 05,2363,756,3119
29/10/2018,05 - 06,2426,744,3170
29/10/2018,06 - 07,2384,772,3156
29/10/2018,07 - 08,2336,794,3130
29/10/2018,08 - 09,2318,805,3123
29/10/2018,09 - 10,2431,850,3281
29/10/2018,10 - 11,2505,885,3390
29/10/2018,11 - 12,2698,893,3591
29/10/2018,12 - 13,2849,924,3773
29/10/2018,13 - 14,2877,928,3805
29/10/2018,14 - 15,2864,924,3788
29/10/2018,15 - 16,2808,917,3725
29/10/2018,16 - 17,2806,917,3723
29/10/2018,17 - 18,2951,903,3854
29/10/2018,18 - 19,3139,904,4043
29/10/2018,19 - 20,3186,925,4111
29/10/2018,20 - 21,3149,890,4039
29/10/2018,21 - 22,3132,866,3998
29/10/2018,22 - 23,3127,860,3987
29/10/2018,23 - 00,3105,861,3966
30/10/2018,00 - 01,3148,890,4038
30/10/2018,01 - 02,3194,902,4096
30/10/2018,02 - 03,3216,910,4126
30/10/2018,03 - 04,3244,930,4174
30/10/2018,04 - 05,3282,941,4223
30/10/2018,05 - 06,3337,926,4263
30/10/2018,06 - 07,3364,930,4294
30/10/2018,07 - 08,3389,908,4297
30/10/2018,08 - 09,3375,795,4170
30/10/2018,09 - 10,3318,594,3912
30/10/2018,10 - 11,3173,446,3619
30/10/2018,11 - 12,2999,504,3503
30/10/2018,12 - 13,2648,650,3298
30/10/2018,13 - 14,2330,603,2933
30/10/2018,14 - 15,2174,718,2892
30/10/2018,15 - 16,2070,654,2724
30/10/2018,16 - 17,1988,560,2548
30/10/2018,17 - 18,2016,325,2341
30/10/2018,18 - 19,2121,214,2335
30/10/2018,19 - 20,1644,370,2014
30/10/2018,20 - 21,1056,674,1730
30/10/2018,21 - 22,828,752,1580
30/10/2018,22 - 23,950,779,1729
30/10/2018,23 - 00,1029,779,1808
31/10/2018,00 - 01,1169,764,1933
31/10/2018,01 - 02,1358,764,2122
31/10/2018,02 - 03,1639,803,2442
31/10/2018,03 - 04,1683,808,2491
31/10/2018,04 - 05,1773,822,2595
31/10/2018,05 - 06,2019,843,2862
31/10/2018,06 - 07,1989,890,2879
31/10/2018,07 - 08,2059,949,3008
31/10/2018,08 - 09,2316,958,3274
31/10/2018,09 - 10,2459,956,3415
31/10/2018,10 - 11,2673,930,3603
31/10/2018,11 - 12,2707,886,3593
31/10/2018,12 - 13,2427,808,3235
31/10/2018,13 - 14,2287,667,2954
31/10/2018,14 - 15,1878,487,2365
31/10/2018,15 - 16,1222,345,1567
31/10/2018,16 - 17,672,220,892
31/10/2018,17 - 18,538,194,732
31/10/2018,18 - 19,691,154,845
31/10/2018,19 - 20,948,140,1088
31/10/2018,20 - 21,1145,138,1283
31/10/2018,21 - 22,1133,155,1288
31/10/2018,22 - 23,982,172,1154
31/10/2018,23 - 00,800,205,1005
01/11/2018,00 - 01,852,197,1049
01/11/2018,01 - 02,955,237,1192
01/11/2018,02 - 03,1194,304,1498
01/11/2018,03 - 04,1381,285,1666
01/11/2018,04 - 05,1646,282,1928
01/11/2018,05 - 06,1910,307,2217
01/11/2018,06 - 07,2010,308,2318
01/11/2018,07 - 08,2093,233,2326
01/11/2018,08 - 09,2051,237,2288
01/11/2018,09 - 10,1894,254,2148
01/11/2018,10 - 11,1726,261,1987
01/11/2018,11 - 12,1541,252,1793
01/11/2018,12 - 13,1387,185,1572
01/11/2018,13 - 14,1353,145,1498
01/11/2018,14 - 15,1155,130,1285
01/11/2018,15 - 16,1180,123,1303
01/11/2018,16 - 17,1238,155,1393
01/11/2018,17 - 18,1285,156,1441
01/11/2018,18 - 19,1275,186,1461
01/11/2018,19 - 20,1185,168,1353
01/11/2018,20 - 21,1041,131,1172
01/11/2018,21 - 22,747,108,855
01/11/2018,22 - 23,425,132,557
01/11/2018,23 - 00,242,144,386
02/11/2018,00 - 01,371,227,598
02/11/2018,01 - 02,360,221,581
02/11/2018,02 - 03,444,190,634
02/11/2018,03 - 04,534,217,751
02/11/2018,04 - 05,712,345,1057
02/11/2018,05 - 06,958,371,1329
02/11/2018,06 - 07,1356,473,1829
02/11/2018,07 - 08,1557,608,2165
02/11/2018,08 - 09,1711,677,2388
02/11/2018,09 - 10,1724,706,2430
02/11/2018,10 - 11,1693,659,2352
02/11/2018,11 - 12,1855,731,2586
02/11/2018,12 - 13,2034,772,2806
02/11/2018,13 - 14,2192,736,2928
02/11/2018,14 - 15,2223,774,2997
02/11/2018,15 - 16,2330,736,3066
02/11/2018,16 - 17,2357,743,3100
02/11/2018,17 - 18,2088,746,2834
02/11/2018,18 - 19,2044,662,2706
02/11/2018,19 - 20,1979,482,2461
02/11/2018,20 - 21,1869,420,2289
02/11/2018,21 - 22,1643,339,1982
02/11/2018,22 - 23,1533,304,1837
02/11/2018,23 - 00,1447,269,1716
03/11/2018,00 - 01,1323,288,1611
03/11/2018,01 - 02,1202,241,1443
03/11/2018,02 - 03,1082,220,1302
03/11/2018,03 - 04,942,179,1121
03/11/2018,04 - 05,893,146,1039
03/11/2018,05 - 06,767,113,880
03/11/2018,06 - 07,754,91,845
03/11/2018,07 - 08,717,80,797
03/11/2018,08 - 09,800,68,868
03/11/2018,09 - 10,775,54,829
03/11/2018,10 - 11,745,39,784
03/11/2018,11 - 12,902,56,958
03/11/2018,12 - 13,1195,86,1281
03/11/2018,13 - 14,1472,95,1567
03/11/2018,14 - 15,1484,76,1560
03/11/2018,15 - 16,1348,66,1414
03/11/2018,16 - 17,1465,91,1556
03/11/2018,17 - 18,1563,129,1692
03/11/2018,18 - 19,1681,136,1817
03/11/2018,19 - 20,1717,145,1862
03/11/2018,20 - 21,1706,154,1860
03/11/2018,21 - 22,1692,174,1866
03/11/2018,22 - 23,1706,187,1893
03/11/2018,23 - 00,1705,178,1883
04/11/2018,00 - 01,1649,158,1807
04/11/2018,01 - 02,1579,155,1734
04/11/2018,02 - 03,1585,173,1758
04/11/2018,03 - 04,1602,241,1843
04/11/2018,04 - 05,1474,287,1761
04/11/2018,05 - 06,1400,271,1671
04/11/2018,06 - 07,1459,277,1736
04/11/2018,07 - 08,1565,334,1899
04/11/2018,08 - 09,1559,335,1894
04/11/2018,09 - 10,1435,281,1716
04/11/2018,10 - 11,1363,231,1594
04/11/2018,11 - 12,1339,236,1575
04/11/2018,12 - 13,1246,245,1491
04/11/2018,13 - 14,1075,199,1274
04/11/2018,14 - 15,980,181,1161
04/11/2018,15 - 16,961,152,1113
04/11/2018,16 - 17,892,162,1054
04/11/2018,17 - 18,875,144,1019
04/11/2018,18 - 19,861,133,994
04/11/2018,19 - 20,857,96,953
04/11/2018,20 - 21,847,92,939
04/11/2018,21 - 22,742,94,836
04/11/2018,22 - 23,584,91,675
04/11/2018,23 - 00,417,76,493
05/11/2018,00 - 01,322,85,407
05/11/2018,01 - 02,243,103,346
05/11/2018,02 - 03,233,117,350
05/11/2018,03 - 04,227,111,338
05/11/2018,04 - 05,284,94,378
05/11/2018,05 - 06,330,102,432
05/11/2018,06 - 07,342,109,451
05/11/2018,07 - 08,367,97,464
05/11/2018,08 - 09,434,115,549
05/11/2018,09 - 10,446,105,551
05/11/2018,10 - 11,454,99,553
05/11/2018,11 - 12,394,105,499
05/11/2018,12 - 13,344,96,440
05/11/2018,13 - 14,351,93,444
05/11/2018,14 - 15,452,140,592
05/11/2018,15 - 16,531,124,655
05/11/2018,16 - 17,613,148,761
05/11/2018,17 - 18,624,176,800
05/11/2018,18 - 19,617,193,810
05/11/2018,19 - 20,663,197,860
05/11/2018,20 - 21,667,207,874
05/11/2018,21 - 22,653,238,891
05/11/2018,22 - 23,646,278,924
05/11/2018,23 - 00,759,317,1076
06/11/2018,00 - 01,870,305,1175
06/11/2018,01 - 02,849,261,1110
06/11/2018,02 - 03,877,216,1093
06/11/2018,03 - 04,886,238,1124
06/11/2018,04 - 05,905,225,1130
06/11/2018,05 - 06,823,226,1049
06/11/2018,06 - 07,729,217,946
06/11/2018,07 - 08,589,216,805
06/11/2018,08 - 09,523,249,772
06/11/2018,09 - 10,470,183,653
06/11/2018,10 - 11,452,128,580
06/11/2018,11 - 12,369,85,454
06/11/2018,12 - 13,289,67,356
06/11/2018,13 - 14,235,50,285
06/11/2018,14 - 15,249,20,269
06/11/2018,15 - 16,205,12,217
06/11/2018,16 - 17,178,24,202
06/11/2018,17 - 18,209,52,261
06/11/2018,18 - 19,290,79,369
06/11/2018,19 - 20,394,67,461
06/11/2018,20 - 21,431,45,476
06/11/2018,21 - 22,466,29,495
06/11/2018,22 - 23,536,34,570
06/11/2018,23 - 00,459,38,497
07/11/2018,00 - 01,418,60,478
07/11/2018,01 - 02,515,98,613
07/11/2018,02 - 03,653,152,805
07/11/2018,03 - 04,774,185,959
07/11/2018,04 - 05,926,188,1114
07/11/2018,05 - 06,1050,190,1240
07/11/2018,06 - 07,1229,231,1460
07/11/2018,07 - 08,1274,230,1504
07/11/2018,08 - 09,1162,166,1328
07/11/2018,09 - 10,1169,117,1286
07/11/2018,10 - 11,1013,92,1105
07/11/2018,11 - 12,885,95,980
07/11/2018,12 - 13,712,52,764
07/11/2018,13 - 14,558,52,610
07/11/2018,14 - 15,523,49,572
07/11/2018,15 - 16,532,45,577
07/11/2018,16 - 17,542,30,572
07/11/2018,17 - 18,536,41,577
07/11/2018,18 - 19,500,68,568
07/11/2018,19 - 20,492,129,621
07/11/2018,20 - 21,511,148,659
07/11/2018,21 - 22,532,113,645
07/11/2018,22 - 23,557,112,669
07/11/2018,23 - 00,587,94,681
08/11/2018,00 - 01,536,55,591
08/11/2018,01 - 02,463,44,507
08/11/2018,02 - 03,455,35,490
08/11/2018,03 - 04,447,31,478
08/11/2018,04 - 05,436,27,463
08/11/2018,05 - 06,464,43,507
08/11/2018,06 - 07,473,44,517
08/11/2018,07 - 08,428,53,481
08/11/2018,08 - 09,426,82,508
08/11/2018,09 - 10,448,97,545
08/11/2018,10 - 11,381,91,472
08/11/2018,11 - 12,370,90,460
08/11/2018,12 - 13,416,77,493
08/11/2018,13 - 14,509,63,572
08/11/2018,14 - 15,485,58,543
08/11/2018,15 - 16,401,65,466
08/11/2018,16 - 17,291,43,334
08/11/2018,17 - 18,300,30,330
08/11/2018,18 - 19,303,29,332
08/11/2018,19 - 20,286,35,321
08/11/2018,20 - 21,218,27,245
08/11/2018,21 - 22,155,20,175
08/11/2018,22 - 23,102,10,112
08/11/2018,23 - 00,51,5,56
09/11/2018,00 - 01,17,4,21
09/11/2018,01 - 02,4,3,7
09/11/2018,02 - 03,3,3,6
09/11/2018,03 - 04,10,3,13
09/11/2018,04 - 05,21,2,23
09/11/2018,05 - 06,73,3,76
09/11/2018,06 - 07,149,8,157
09/11/2018,07 - 08,190,11,201
09/11/2018,08 - 09,241,17,258
09/11/2018,09 - 10,262,30,292
09/11/2018,10 - 11,263,35,298
09/11/2018,11 - 12,256,43,299
09/11/2018,12 - 13,367,64,431
09/11/2018,13 - 14,462,70,532
09/11/2018,14 - 15,612,90,702
09/11/2018,15 - 16,734,145,879
09/11/2018,16 - 17,906,235,1141
09/11/2018,17 - 18,1008,313,1321
09/11/2018,18 - 19,1187,347,1534
09/11/2018,19 - 20,1385,397,1782
09/11/2018,20 - 21,1458,332,1790
09/11/2018,21 - 22,1475,281,1756
09/11/2018,22 - 23,1477,275,1752
09/11/2018,23 - 00,1358,296,1654
10/11/2018,00 - 01,1417,259,1676
10/11/2018,01 - 02,1453,238,1691
10/11/2018,02 - 03,1545,249,1794
10/11/2018,03 - 04,1607,276,1883
10/11/2018,04 - 05,1712,379,2091
10/11/2018,05 - 06,1956,469,2425
10/11/2018,06 - 07,2296,490,2786
10/11/2018,07 - 08,2543,498,3041
10/11/2018,08 - 09,2748,528,3276
10/11/2018,09 - 10,2853,546,3399
10/11/2018,10 - 11,2792,655,3447
10/11/2018,11 - 12,2660,684,3344
10/11/2018,12 - 13,2487,585,3072
10/11/2018,13 - 14,2404,547,2951
10/11/2018,14 - 15,2198,478,2676
10/11/2018,15 - 16,1930,520,2450
10/11/2018,16 - 17,1752,528,2280
10/11/2018,17 - 18,1643,521,2164
10/11/2018,18 - 19,1643,482,2125
10/11/2018,19 - 20,1659,525,2184
10/11/2018,20 - 21,1624,470,2094
10/11/2018,21 - 22,1693,511,2204
10/11/2018,22 - 23,1839,527,2366
10/11/2018,23 - 00,1889,553,2442
11/11/2018,00 - 01,2053,613,2666
11/11/2018,01 - 02,2058,626,2684
11/11/2018,02 - 03,1913,627,2540
11/11/2018,03 - 04,1731,637,2368
11/11/2018,04 - 05,1594,585,2179
11/11/2018,05 - 06,1506,555,2061
11/11/2018,06 - 07,1476,575,2051
11/11/2018,07 - 08,1553,559,2112
11/11/2018,08 - 09,1608,508,2116
11/11/2018,09 - 10,1653,466,2119
11/11/2018,10 - 11,1563,449,2012
11/11/2018,11 - 12,1691,409,2100
11/11/2018,12 - 13,1724,467,2191
11/11/2018,13 - 14,1706,500,2206
11/11/2018,14 - 15,1643,475,2118
11/11/2018,15 - 16,1601,513,2114
11/11/2018,16 - 17,1611,492,2103
11/11/2018,17 - 18,1667,463,2130
11/11/2018,18 - 19,1382,500,1882
11/11/2018,19 - 20,1321,570,1891
11/11/2018,20 - 21,1551,526,2077
11/11/2018,21 - 22,1871,571,2442
11/11/2018,22 - 23,1867,493,2360
11/11/2018,23 - 00,1880,303,2183
12/11/2018,00 - 01,1603,303,1906
12/11/2018,01 - 02,1604,321,1925
12/11/2018,02 - 03,1497,321,1818
12/11/2018,03 - 04,1359,230,1589
12/11/2018,04 - 05,1286,188,1474
12/11/2018,05 - 06,1135,150,1285
12/11/2018,06 - 07,985,98,1083
12/11/2018,07 - 08,868,94,962
12/11/2018,08 - 09,844,81,925
12/11/2018,09 - 10,773,80,853
12/11/2018,10 - 11,718,60,778
12/11/2018,11 - 12,631,55,686
12/11/2018,12 - 13,548,91,639
12/11/2018,13 - 14,378,145,523
12/11/2018,14 - 15,297,94,391
12/11/2018,15 - 16,267,111,378
12/11/2018,16 - 17,308,76,384
12/11/2018,17 - 18,313,51,364
12/11/2018,18 - 19,278,57,335
12/11/2018,19 - 20,175,85,260
12/11/2018,20 - 21,178,134,312
12/11/2018,21 - 22,278,221,499
12/11/2018,22 - 23,458,180,638
12/11/2018,23 - 00,646,216,862
13/11/2018,00 - 01,815,153,968
13/11/2018,01 - 02,931,178,1109
13/11/2018,02 - 03,922,134,1056
13/11/2018,03 - 04,964,119,1083
13/11/2018,04 - 05,1068,123,1191
13/11/2018,05 - 06,1172,127,1299
13/11/2018,06 - 07,1154,178,1332
13/11/2018,07 - 08,1113,200,1313
13/11/2018,08 - 09,1278,169,1447
13/11/2018,09 - 10,1457,246,1703
13/11/2018,10 - 11,1517,337,1854
13/11/2018,11 - 12,1659,451,2110
13/11/2018,12 - 13,1668,559,2227
13/11/2018,13 - 14,1719,580,2299
13/11/2018,14 - 15,1716,567,2283
13/11/2018,15 - 16,1362,541,1903
13/11/2018,16 - 17,1125,548,1673
13/11/2018,17 - 18,1360,531,1891
13/11/2018,18 - 19,1360,650,2010
13/11/2018,19 - 20,1430,650,2080
13/11/2018,20 - 21,1293,665,1958
13/11/2018,21 - 22,982,642,1624
13/11/2018,22 - 23,1017,517,1534
13/11/2018,23 - 00,1229,559,1788
14/11/2018,00 - 01,1253,643,1896
14/11/2018,01 - 02,1062,604,1666
14/11/2018,02 - 03,928,579,1507
14/11/2018,03 - 04,884,445,1329
14/11/2018,04 - 05,852,367,1219
14/11/2018,05 - 06,721,270,991
14/11/2018,06 - 07,646,293,939
14/11/2018,07 - 08,605,286,891
14/11/2018,08 - 09,644,250,894
14/11/2018,09 - 10,738,200,938
14/11/2018,10 - 11,821,189,1010
14/11/2018,11 - 12,898,156,1054
14/11/2018,12 - 13,1001,127,1128
14/11/2018,13 - 14,1060,140,1200
14/11/2018,14 - 15,1058,103,1161
14/11/2018,15 - 16,1030,99,1129
14/11/2018,16 - 17,993,123,1116
14/11/2018,17 - 18,1092,114,1206
14/11/2018,18 - 19,1254,128,1382
14/11/2018,19 - 20,1317,113,1430
14/11/2018,20 - 21,1389,99,1488
14/11/2018,21 - 22,1393,101,1494
14/11/2018,22 - 23,1415,107,1522
14/11/2018,23 - 00,1420,128,1548
15/11/2018,00 - 01,1362,116,1478
15/11/2018,01 - 02,1281,97,1378
15/11/2018,02 - 03,1087,87,1174
15/11/2018,03 - 04,936,78,1014
15/11/2018,04 - 05,844,78,922
15/11/2018,05 - 06,882,65,947
15/11/2018,06 - 07,884,63,947
15/11/2018,07 - 08,867,87,954
15/11/2018,08 - 09,764,110,874
15/11/2018,09 - 10,646,130,776
15/11/2018,10 - 11,538,155,693
15/11/2018,11 - 12,456,144,600
15/11/2018,12 - 13,450,134,584
15/11/2018,13 - 14,503,113,616
15/11/2018,14 - 15,578,111,689
15/11/2018,15 - 16,625,121,746
15/11/2018,16 - 17,736,189,925
15/11/2018,17 - 18,807,294,1101
15/11/2018,18 - 19,1013,341,1354
15/11/2018,19 - 20,1275,360,1635
15/11/2018,20 - 21,1407,406,1813
15/11/2018,21 - 22,1408,433,1841
15/11/2018,22 - 23,1341,418,1759
15/11/2018,23 - 00,1324,394,1718
16/11/2018,00 - 01,1311,421,1732
16/11/2018,01 - 02,1315,487,1802
16/11/2018,02 - 03,1348,501,1849
16/11/2018,03 - 04,1332,495,1827
16/11/2018,04 - 05,1199,511,1710
16/11/2018,05 - 06,1166,533,1699
16/11/2018,06 - 07,1334,482,1816
16/11/2018,07 - 08,1228,470,1698
16/11/2018,08 - 09,1199,474,1673
16/11/2018,09 - 10,1001,452,1453
16/11/2018,10 - 11,822,424,1246
16/11/2018,11 - 12,667,367,1034
16/11/2018,12 - 13,614,365,979
16/11/2018,13 - 14,661,307,968
16/11/2018,14 - 15,643,269,912
16/11/2018,15 - 16,725,296,1021
16/11/2018,16 - 17,850,314,1164
16/11/2018,17 - 18,1034,369,1403
16/11/2018,18 - 19,1087,494,1581
16/11/2018,19 - 20,1063,554,1617
16/11/2018,20 - 21,1188,516,1704
16/11/2018,21 - 22,1243,477,1720
16/11/2018,22 - 23,1243,412,1655
16/11/2018,23 - 00,1170,359,1529
17/11/2018,00 - 01,1047,288,1335
17/11/2018,01 - 02,927,251,1178
17/11/2018,02 - 03,869,201,1070
17/11/2018,03 - 04,761,160,921
17/11/2018,04 - 05,698,175,873
17/11/2018,05 - 06,629,216,845
17/11/2018,06 - 07,673,219,892
17/11/2018,07 - 08,769,190,959
17/11/2018,08 - 09,867,208,1075
17/11/2018,09 - 10,798,185,983
17/11/2018,10 - 11,719,127,846
17/11/2018,11 - 12,608,109,717
17/11/2018,12 - 13,414,94,508
17/11/2018,13 - 14,329,70,399
17/11/2018,14 - 15,305,83,388
17/11/2018,15 - 16,288,131,419
17/11/2018,16 - 17,306,119,425
17/11/2018,17 - 18,314,69,383
17/11/2018,18 - 19,224,83,307
17/11/2018,19 - 20,198,96,294
17/11/2018,20 - 21,218,67,285
17/11/2018,21 - 22,235,41,276
17/11/2018,22 - 23,219,39,258
17/11/2018,23 - 00,296,39,335
18/11/2018,00 - 01,281,33,314
18/11/2018,01 - 02,245,26,271
18/11/2018,02 - 03,201,13,214
18/11/2018,03 - 04,113,24,137
18/11/2018,04 - 05,127,41,168
18/11/2018,05 - 06,213,127,340
18/11/2018,06 - 07,335,108,443
18/11/2018,07 - 08,396,110,506
18/11/2018,08 - 09,642,155,797
18/11/2018,09 - 10,757,233,990
18/11/2018,10 - 11,845,291,1136
18/11/2018,11 - 12,960,264,1224
18/11/2018,12 - 13,981,319,1300
18/11/2018,13 - 14,971,350,1321
18/11/2018,14 - 15,1130,409,1539
18/11/2018,15 - 16,1328,472,1800
18/11/2018,16 - 17,1635,582,2217
18/11/2018,17 - 18,1752,620,2372
18/11/2018,18 - 19,1666,619,2285
18/11/2018,19 - 20,1428,628,2056
18/11/2018,20 - 21,1191,660,1851
18/11/2018,21 - 22,1190,679,1869
18/11/2018,22 - 23,1179,665,1844
18/11/2018,23 - 00,1159,614,1773
19/11/2018,00 - 01,1160,615,1775
19/11/2018,01 - 02,1302,662,1964
19/11/2018,02 - 03,1367,696,2063
19/11/2018,03 - 04,1571,731,2302
19/11/2018,04 - 05,1751,760,2511
19/11/2018,05 - 06,1849,763,2612
19/11/2018,06 - 07,1958,769,2727
19/11/2018,07 - 08,1766,778,2544
19/11/2018,08 - 09,2057,772,2829
19/11/2018,09 - 10,2086,784,2870
19/11/2018,10 - 11,2197,794,2991
19/11/2018,11 - 12,2172,734,2906
19/11/2018,12 - 13,2292,721,3013
19/11/2018,13 - 14,2224,756,2980
19/11/2018,14 - 15,2130,739,2869
19/11/2018,15 - 16,2154,769,2923
19/11/2018,16 - 17,2177,749,2926
19/11/2018,17 - 18,2223,745,2968
19/11/2018,18 - 19,2292,724,3016
19/11/2018,19 - 20,2348,734,3082
19/11/2018,20 - 21,2372,703,3075
19/11/2018,21 - 22,2382,695,3077
19/11/2018,22 - 23,2430,696,3126
19/11/2018,23 - 00,2398,708,3106
20/11/2018,00 - 01,2324,698,3022
20/11/2018,01 - 02,2234,713,2947
20/11/2018,02 - 03,2206,687,2893
20/11/2018,03 - 04,2204,719,2923
20/11/2018,04 - 05,2272,708,2980
20/11/2018,05 - 06,2402,720,3122
20/11/2018,06 - 07,2454,759,3213
20/11/2018,07 - 08,2506,783,3289
20/11/2018,08 - 09,2181,831,3012
20/11/2018,09 - 10,2389,741,3130
20/11/2018,10 - 11,2355,764,3119
20/11/2018,11 - 12,2368,790,3158
20/11/2018,12 - 13,2490,808,3298
20/11/2018,13 - 14,2661,848,3509
20/11/2018,14 - 15,2603,883,3486
20/11/2018,15 - 16,2669,899,3568
20/11/2018,16 - 17,2674,898,3572
20/11/2018,17 - 18,2656,903,3559
20/11/2018,18 - 19,2871,912,3783
20/11/2018,19 - 20,3068,913,3981
20/11/2018,20 - 21,2806,899,3705
20/11/2018,21 - 22,2627,853,3480
20/11/2018,22 - 23,2802,839,3641
20/11/2018,23 - 00,2984,830,3814
21/11/2018,00 - 01,2685,826,3511
21/11/2018,01 - 02,2843,865,3708
21/11/2018,02 - 03,2810,852,3662
21/11/2018,03 - 04,2856,844,3700
21/11/2018,04 - 05,3057,833,3890
21/11/2018,05 - 06,2945,832,3777
21/11/2018,06 - 07,2678,798,3476
21/11/2018,07 - 08,2793,804,3597
21/11/2018,08 - 09,2982,793,3775
21/11/2018,09 - 10,2820,819,3639
21/11/2018,10 - 11,2750,837,3587
21/11/2018,11 - 12,2627,866,3493
21/11/2018,12 - 13,2608,860,3468
21/11/2018,13 - 14,2595,846,3441
21/11/2018,14 - 15,2574,843,3417
21/11/2018,15 - 16,2428,806,3234
21/11/2018,16 - 17,2283,761,3044
21/11/2018,17 - 18,2150,747,2897
21/11/2018,18 - 19,2069,733,2802
21/11/2018,19 - 20,2018,703,2721
21/11/2018,20 - 21,1946,646,2592
21/11/2018,21 - 22,1826,591,2417
21/11/2018,22 - 23,1600,577,2177
21/11/2018,23 - 00,1464,504,1968
22/11/2018,00 - 01,1357,396,1753
22/11/2018,01 - 02,1281,376,1657
22/11/2018,02 - 03,1133,402,1535
22/11/2018,03 - 04,1060,360,1420
22/11/2018,04 - 05,1028,312,1340
22/11/2018,05 - 06,947,274,1221
22/11/2018,06 - 07,874,229,1103
22/11/2018,07 - 08,829,232,1061
22/11/2018,08 - 09,793,214,1007
22/11/2018,09 - 10,782,181,963
22/11/2018,10 - 11,774,183,957
22/11/2018,11 - 12,784,188,972
22/11/2018,12 - 13,774,190,964
22/11/2018,13 - 14,765,181,946
22/11/2018,14 - 15,755,177,932
22/11/2018,15 - 16,710,168,878
22/11/2018,16 - 17,675,162,837
22/11/2018,17 - 18,646,174,820
22/11/2018,18 - 19,645,157,802
22/11/2018,19 - 20,633,152,785
22/11/2018,20 - 21,616,141,757
22/11/2018,21 - 22,606,121,727
22/11/2018,22 - 23,614,104,718
22/11/2018,23 - 00,570,91,661
23/11/2018,00 - 01,496,85,581
23/11/2018,01 - 02,434,80,514
23/11/2018,02 - 03,447,73,520
23/11/2018,03 - 04,464,67,531
23/11/2018,04 - 05,474,78,552
23/11/2018,05 - 06,456,92,548
23/11/2018,06 - 07,426,89,515
23/11/2018,07 - 08,479,86,565
23/11/2018,08 - 09,506,81,587
23/11/2018,09 - 10,507,72,579
23/11/2018,10 - 11,484,71,555
23/11/2018,11 - 12,397,59,456
23/11/2018,12 - 13,335,46,381
23/11/2018,13 - 14,277,27,304
23/11/2018,14 - 15,238,21,259
23/11/2018,15 - 16,188,17,205
23/11/2018,16 - 17,162,16,178
23/11/2018,17 - 18,133,19,152
23/11/2018,18 - 19,122,18,140
23/11/2018,19 - 20,100,21,121
23/11/2018,20 - 21,72,31,103
23/11/2018,21 - 22,78,23,101
23/11/2018,22 - 23,88,11,99
23/11/2018,23 - 00,64,7,71
24/11/2018,00 - 01,42,4,46
24/11/2018,01 - 02,34,4,38
24/11/2018,02 - 03,43,3,46
24/11/2018,03 - 04,83,6,89
24/11/2018,04 - 05,127,8,135
24/11/2018,05 - 06,132,11,143
24/11/2018,06 - 07,135,4,139
24/11/2018,07 - 08,153,5,158
24/11/2018,08 - 09,176,5,181
24/11/2018,09 - 10,230,7,237
24/11/2018,10 - 11,257,8,265
24/11/2018,11 - 12,293,13,306
24/11/2018,12 - 13,332,11,343
24/11/2018,13 - 14,401,13,414
24/11/2018,14 - 15,527,23,550
24/11/2018,15 - 16,675,31,706
24/11/2018,16 - 17,1006,40,1046
24/11/2018,17 - 18,1072,41,1113
24/11/2018,18 - 19,958,41,999
24/11/2018,19 - 20,941,60,1001
24/11/2018,20 - 21,954,62,1016
24/11/2018,21 - 22,942,73,1015
24/11/2018,22 - 23,1013,52,1065
24/11/2018,23 - 00,1061,44,1105
25/11/2018,00 - 01,1126,54,1180
25/11/2018,01 - 02,1092,62,1154
25/11/2018,02 - 03,1037,89,1126
25/11/2018,03 - 04,884,106,990
25/11/2018,04 - 05,920,129,1049
25/11/2018,05 - 06,996,193,1189
25/11/2018,06 - 07,1125,216,1341
25/11/2018,07 - 08,1248,192,1440
25/11/2018,08 - 09,1298,164,1462
25/11/2018,09 - 10,1291,146,1437
25/11/2018,10 - 11,1286,155,1441
25/11/2018,11 - 12,1293,168,1461
25/11/2018,12 - 13,1209,171,1380
25/11/2018,13 - 14,1117,170,1287
25/11/2018,14 - 15,1061,198,1259
25/11/2018,15 - 16,1099,241,1340
25/11/2018,16 - 17,1126,296,1422
25/11/2018,17 - 18,1163,332,1495
25/11/2018,18 - 19,1179,406,1585
25/11/2018,19 - 20,1152,421,1573
25/11/2018,20 - 21,1131,386,1517
25/11/2018,21 - 22,1037,455,1492
25/11/2018,22 - 23,974,432,1406
25/11/2018,23 - 00,855,378,1233
26/11/2018,00 - 01,766,406,1172
26/11/2018,01 - 02,624,306,930
26/11/2018,02 - 03,515,222,737
26/11/2018,03 - 04,474,167,641
26/11/2018,04 - 05,485,151,636
26/11/2018,05 - 06,496,171,667
26/11/2018,06 - 07,502,191,693
26/11/2018,07 - 08,511,210,721
26/11/2018,08 - 09,471,176,647
26/11/2018,09 - 10,409,165,574
26/11/2018,10 - 11,255,120,375
26/11/2018,11 - 12,115,95,210
26/11/2018,12 - 13,80,80,160
26/11/2018,13 - 14,85,50,135
26/11/2018,14 - 15,115,73,188
26/11/2018,15 - 16,145,137,282
26/11/2018,16 - 17,184,165,349
26/11/2018,17 - 18,214,173,387
26/11/2018,18 - 19,190,174,364
26/11/2018,19 - 20,145,149,294
26/11/2018,20 - 21,136,80,216
26/11/2018,21 - 22,118,112,230
26/11/2018,22 - 23,194,127,321
26/11/2018,23 - 00,235,132,367
27/11/2018,00 - 01,214,135,349
27/11/2018,01 - 02,237,135,372
27/11/2018,02 - 03,169,136,305
27/11/2018,03 - 04,117,120,237
27/11/2018,04 - 05,98,110,208
27/11/2018,05 - 06,64,40,104
27/11/2018,06 - 07,57,25,82
27/11/2018,07 - 08,62,27,89
27/11/2018,08 - 09,82,28,110
27/11/2018,09 - 10,69,18,87
27/11/2018,10 - 11,65,14,79
27/11/2018,11 - 12,65,7,72
27/11/2018,12 - 13,61,11,72
27/11/2018,13 - 14,99,15,114
27/11/2018,14 - 15,193,10,203
27/11/2018,15 - 16,264,10,274
27/11/2018,16 - 17,421,24,445
27/11/2018,17 - 18,650,37,687
27/11/2018,18 - 19,757,43,800
27/11/2018,19 - 20,694,60,754
27/11/2018,20 - 21,805,66,871
27/11/2018,21 - 22,851,82,933
27/11/2018,22 - 23,891,91,982
27/11/2018,23 - 00,1013,115,1128
28/11/2018,00 - 01,1093,156,1249
28/11/2018,01 - 02,1227,251,1478
28/11/2018,02 - 03,1343,228,1571
28/11/2018,03 - 04,1264,244,1508
28/11/2018,04 - 05,1314,282,1596
28/11/2018,05 - 06,1567,321,1888
28/11/2018,06 - 07,1438,361,1799
28/11/2018,07 - 08,1714,399,2113
28/11/2018,08 - 09,2195,398,2593
28/11/2018,09 - 10,2471,526,2997
28/11/2018,10 - 11,2621,622,3243
28/11/2018,11 - 12,2826,703,3529
28/11/2018,12 - 13,2641,787,3428
28/11/2018,13 - 14,2697,867,3564
28/11/2018,14 - 15,2902,891,3793
28/11/2018,15 - 16,2792,903,3695
28/11/2018,16 - 17,2849,911,3760
28/11/2018,17 - 18,2992,952,3944
28/11/2018,18 - 19,2746,980,3726
28/11/2018,19 - 20,2766,999,3765
28/11/2018,20 - 21,3129,1016,4145
28/11/2018,21 - 22,3170,1013,4183
28/11/2018,22 - 23,3065,1024,4089
28/11/2018,23 - 00,3256,1028,4284
29/11/2018,00 - 01,3035,1035,4070
29/11/2018,01 - 02,2652,1024,3676
29/11/2018,02 - 03,2852,1011,3863
29/11/2018,03 - 04,2876,1002,3878
29/11/2018,04 - 05,2994,987,3981
29/11/2018,05 - 06,2726,979,3705
29/11/2018,06 - 07,2620,975,3595
29/11/2018,07 - 08,2736,950,3686
29/11/2018,08 - 09,2536,923,3459
29/11/2018,09 - 10,2503,903,3406
29/11/2018,10 - 11,2210,887,3097
29/11/2018,11 - 12,2311,887,3198
29/11/2018,12 - 13,2402,885,3287
29/11/2018,13 - 14,2476,878,3354
29/11/2018,14 - 15,2543,844,3387
29/11/2018,15 - 16,2785,863,3648
29/11/2018,16 - 17,3029,905,3934
29/11/2018,17 - 18,3415,956,4371
29/11/2018,18 - 19,3261,960,4221
29/11/2018,19 - 20,3258,953,4211
29/11/2018,20 - 21,3391,932,4323
29/11/2018,21 - 22,3383,931,4314
29/11/2018,22 - 23,2908,900,3808
29/11/2018,23 - 00,2683,848,3531
30/11/2018,00 - 01,2618,847,3465
30/11/2018,01 - 02,2766,833,3599
30/11/2018,02 - 03,2757,812,3569
30/11/2018,03 - 04,2607,787,3394
30/11/2018,04 - 05,2805,760,3565
30/11/2018,05 - 06,2827,741,3568
30/11/2018,06 - 07,2707,711,3418
30/11/2018,07 - 08,2748,668,3416
30/11/2018,08 - 09,2663,651,3314
30/11/2018,09 - 10,2634,634,3268
30/11/2018,10 - 11,2705,650,3355
30/11/2018,11 - 12,2748,637,3385
30/11/2018,12 - 13,2796,601,3397
30/11/2018,13 - 14,2733,516,3249
30/11/2018,14 - 15,2617,465,3082
30/11/2018,15 - 16,2532,480,3012
30/11/2018,16 - 17,2523,493,3016
30/11/2018,17 - 18,2484,470,2954
30/11/2018,18 - 19,2459,474,2933
30/11/2018,19 - 20,2465,471,2936
30/11/2018,20 - 21,2407,479,2886
30/11/2018,21 - 22,2274,500,2774
30/11/2018,22 - 23,2212,461,2673
30/11/2018,23 - 00,2120,421,2541
01/12/2018,00 - 01,1931,418,2349
01/12/2018,01 - 02,1887,382,2269
01/12/2018,02 - 03,1927,366,2293
01/12/2018,03 - 04,1925,371,2296
01/12/2018,04 - 05,1757,389,2146
01/12/2018,05 - 06,1465,377,1842
01/12/2018,06 - 07,1366,392,1758
01/12/2018,07 - 08,1291,415,1706
01/12/2018,08 - 09,1234,450,1684
01/12/2018,09 - 10,1225,437,1662
01/12/2018,10 - 11,1211,527,1738
01/12/2018,11 - 12,1066,573,1639
01/12/2018,12 - 13,1008,468,1476
01/12/2018,13 - 14,893,415,1308
01/12/2018,14 - 15,752,416,1168
01/12/2018,15 - 16,643,470,1113
01/12/2018,16 - 17,712,392,1104
01/12/2018,17 - 18,877,398,1275
01/12/2018,18 - 19,941,446,1387
01/12/2018,19 - 20,1128,467,1595
01/12/2018,20 - 21,1188,506,1694
01/12/2018,21 - 22,1177,494,1671
01/12/2018,22 - 23,1207,393,1600
01/12/2018,23 - 00,1190,347,1537
02/12/2018,00 - 01,1231,380,1611
02/12/2018,01 - 02,1270,422,1692
02/12/2018,02 - 03,1443,435,1878
02/12/2018,03 - 04,1635,466,2101
02/12/2018,04 - 05,1739,485,2224
02/12/2018,05 - 06,1728,542,2270
02/12/2018,06 - 07,1625,573,2198
02/12/2018,07 - 08,1739,599,2338
02/12/2018,08 - 09,1998,623,2621
02/12/2018,09 - 10,2105,602,2707
02/12/2018,10 - 11,2058,603,2661
02/12/2018,11 - 12,1964,553,2517
02/12/2018,12 - 13,1810,532,2342
02/12/2018,13 - 14,1561,491,2052
02/12/2018,14 - 15,1393,441,1834
02/12/2018,15 - 16,1256,462,1718
02/12/2018,16 - 17,1163,432,1595
02/12/2018,17 - 18,1105,431,1536
02/12/2018,18 - 19,1116,450,1566
02/12/2018,19 - 20,1134,561,1695
02/12/2018,20 - 21,1066,573,1639
02/12/2018,21 - 22,1025,536,1561
02/12/2018,22 - 23,970,537,1507
02/12/2018,23 - 00,831,388,1219
03/12/2018,00 - 01,827,257,1084
03/12/2018,01 - 02,832,253,1085
03/12/2018,02 - 03,1023,383,1406
03/12/2018,03 - 04,1337,515,1852
03/12/2018,04 - 05,1591,454,2045
03/12/2018,05 - 06,1830,571,2401
03/12/2018,06 - 07,2081,638,2719
03/12/2018,07 - 08,2226,653,2879
03/12/2018,08 - 09,2248,692,2940
03/12/2018,09 - 10,2229,685,2914
03/12/2018,10 - 11,2362,647,3009
03/12/2018,11 - 12,2598,585,3183
03/12/2018,12 - 13,2811,600,3411
03/12/2018,13 - 14,2880,653,3533
03/12/2018,14 - 15,2918,635,3553
03/12/2018,15 - 16,2882,715,3597
03/12/2018,16 - 17,2705,712,3417
03/12/2018,17 - 18,2524,640,3164
03/12/2018,18 - 19,2425,620,3045
03/12/2018,19 - 20,2281,590,2871
03/12/2018,20 - 21,2163,523,2686
03/12/2018,21 - 22,2048,482,2530
03/12/2018,22 - 23,2430,484,2914
03/12/2018,23 - 00,2832,549,3381
04/12/2018,00 - 01,3136,614,3750
04/12/2018,01 - 02,3138,671,3809
04/12/2018,02 - 03,2858,803,3661
04/12/2018,03 - 04,2950,827,3777
04/12/2018,04 - 05,3221,836,4057
04/12/2018,05 - 06,3240,856,4096
04/12/2018,06 - 07,3192,893,4085
04/12/2018,07 - 08,3314,885,4199
04/12/2018,08 - 09,3329,905,4234
04/12/2018,09 - 10,3319,913,4232
04/12/2018,10 - 11,3332,927,4259
04/12/2018,11 - 12,3446,934,4380
04/12/2018,12 - 13,3419,974,4393
04/12/2018,13 - 14,3376,930,4306
04/12/2018,14 - 15,3325,889,4214
04/12/2018,15 - 16,3215,880,4095
04/12/2018,16 - 17,3058,859,3917
04/12/2018,17 - 18,2835,904,3739
04/12/2018,18 - 19,2595,886,3481
04/12/2018,19 - 20,2400,854,3254
04/12/2018,20 - 21,2104,822,2926
04/12/2018,21 - 22,1791,782,2573
04/12/2018,22 - 23,1645,713,2358
04/12/2018,23 - 00,1348,606,1954
05/12/2018,00 - 01,1030,443,1473
05/12/2018,01 - 02,999,393,1392
05/12/2018,02 - 03,885,425,1310
05/12/2018,03 - 04,853,345,1198
05/12/2018,04 - 05,690,315,1005
05/12/2018,05 - 06,495,308,803
05/12/2018,06 - 07,489,377,866
05/12/2018,07 - 08,455,412,867
05/12/2018,08 - 09,356,329,685
05/12/2018,09 - 10,357,348,705
05/12/2018,10 - 11,345,281,626
05/12/2018,11 - 12,326,265,591
05/12/2018,12 - 13,439,217,656
05/12/2018,13 - 14,476,244,720
05/12/2018,14 - 15,578,252,830
05/12/2018,15 - 16,711,228,939
05/12/2018,16 - 17,868,144,1012
05/12/2018,17 - 18,1020,174,1194
05/12/2018,18 - 19,1033,242,1275
05/12/2018,19 - 20,997,289,1286
05/12/2018,20 - 21,1046,344,1390
05/12/2018,21 - 22,1035,340,1375
05/12/2018,22 - 23,978,365,1343
05/12/2018,23 - 00,910,491,1401
06/12/2018,00 - 01,927,572,1499
06/12/2018,01 - 02,938,609,1547
06/12/2018,02 - 03,903,572,1475
06/12/2018,03 - 04,856,503,1359
06/12/2018,04 - 05,596,434,1030
06/12/2018,05 - 06,531,435,966
06/12/2018,06 - 07,596,364,960
06/12/2018,07 - 08,631,367,998
06/12/2018,08 - 09,573,286,859
06/12/2018,09 - 10,565,247,812
06/12/2018,10 - 11,549,247,796
06/12/2018,11 - 12,595,281,876
06/12/2018,12 - 13,680,291,971
06/12/2018,13 - 14,765,366,1131
06/12/2018,14 - 15,899,346,1245
06/12/2018,15 - 16,1067,293,1360
06/12/2018,16 - 17,1293,272,1565
06/12/2018,17 - 18,1466,421,1887
06/12/2018,18 - 19,1695,590,2285
06/12/2018,19 - 20,1793,662,2455
06/12/2018,20 - 21,2026,638,2664
06/12/2018,21 - 22,2270,577,2847
06/12/2018,22 - 23,2412,608,3020
06/12/2018,23 - 00,2355,715,3070
07/12/2018,00 - 01,2224,797,3021
07/12/2018,01 - 02,1957,813,2770
07/12/2018,02 - 03,1559,764,2323
07/12/2018,03 - 04,1084,685,1769
07/12/2018,04 - 05,944,617,1561
07/12/2018,05 - 06,792,511,1303
07/12/2018,06 - 07,696,440,1136
07/12/2018,07 - 08,616,343,959
07/12/2018,08 - 09,544,305,849
07/12/2018,09 - 10,572,241,813
07/12/2018,10 - 11,854,234,1088
07/12/2018,11 - 12,1162,359,1521
07/12/2018,12 - 13,1391,501,1892
07/12/2018,13 - 14,1813,591,2404
07/12/2018,14 - 15,2403,670,3073
07/12/2018,15 - 16,2837,737,3574
07/12/2018,16 - 17,2966,792,3758
07/12/2018,17 - 18,2857,826,3683
07/12/2018,18 - 19,2645,860,3505
07/12/2018,19 - 20,2573,891,3464
07/12/2018,20 - 21,2522,891,3413
07/12/2018,21 - 22,2489,863,3352
07/12/2018,22 - 23,2305,848,3153
07/12/2018,23 - 00,2138,864,3002
08/12/2018,00 - 01,2477,908,3385
08/12/2018,01 - 02,2417,855,3272
08/12/2018,02 - 03,2200,853,3053
08/12/2018,03 - 04,1669,860,2529
08/12/2018,04 - 05,1954,871,2825
08/12/2018,05 - 06,1855,902,2757
08/12/2018,06 - 07,1930,942,2872
08/12/2018,07 - 08,2194,963,3157
08/12/2018,08 - 09,2316,957,3273
08/12/2018,09 - 10,2421,950,3371
08/12/2018,10 - 11,2550,965,3515
08/12/2018,11 - 12,2683,973,3656
08/12/2018,12 - 13,2715,999,3714
08/12/2018,13 - 14,2698,1011,3709
08/12/2018,14 - 15,2696,968,3664
08/12/2018,15 - 16,2873,947,3820
08/12/2018,16 - 17,3136,956,4092
08/12/2018,17 - 18,3294,980,4274
08/12/2018,18 - 19,3417,992,4409
08/12/2018,19 - 20,3563,991,4554
08/12/2018,20 - 21,3413,974,4387
08/12/2018,21 - 22,3367,961,4328
08/12/2018,22 - 23,2942,953,3895
08/12/2018,23 - 00,2558,950,3508
09/12/2018,00 - 01,1684,942,2626
09/12/2018,01 - 02,1368,863,2231
09/12/2018,02 - 03,1145,617,1762
09/12/2018,03 - 04,1102,443,1545
09/12/2018,04 - 05,1013,391,1404
09/12/2018,05 - 06,985,495,1480
09/12/2018,06 - 07,1077,677,1754
09/12/2018,07 - 08,1287,699,1986
09/12/2018,08 - 09,1265,666,1931
09/12/2018,09 - 10,1290,663,1953
09/12/2018,10 - 11,1349,620,1969
09/12/2018,11 - 12,1482,585,2067
09/12/2018,12 - 13,1673,587,2260
09/12/2018,13 - 14,1865,634,2499
09/12/2018,14 - 15,1974,683,2657
09/12/2018,15 - 16,2045,682,2727
09/12/2018,16 - 17,2007,715,2722
09/12/2018,17 - 18,2042,786,2828
09/12/2018,18 - 19,2266,834,3100
09/12/2018,19 - 20,2487,856,3343
09/12/2018,20 - 21,2750,788,3538
09/12/2018,21 - 22,2871,669,3540
09/12/2018,22 - 23,2666,651,3317
09/12/2018,23 - 00,2695,772,3467
10/12/2018,00 - 01,2467,697,3164
10/12/2018,01 - 02,2455,740,3195
10/12/2018,02 - 03,2504,851,3355
10/12/2018,03 - 04,2656,876,3532
10/12/2018,04 - 05,2585,888,3473
10/12/2018,05 - 06,2917,908,3825
10/12/2018,06 - 07,3051,920,3971
10/12/2018,07 - 08,2868,912,3780
10/12/2018,08 - 09,2805,904,3709
10/12/2018,09 - 10,2932,899,3831
10/12/2018,10 - 11,3001,903,3904
10/12/2018,11 - 12,3059,912,3971
10/12/2018,12 - 13,3088,902,3990
10/12/2018,13 - 14,3067,861,3928
10/12/2018,14 - 15,3031,834,3865
10/12/2018,15 - 16,2745,788,3533
10/12/2018,16 - 17,2624,761,3385
10/12/2018,17 - 18,2814,739,3553
10/12/2018,18 - 19,2837,806,3643
10/12/2018,19 - 20,2554,821,3375
10/12/2018,20 - 21,2830,845,3675
10/12/2018,21 - 22,2730,862,3592
10/12/2018,22 - 23,2702,883,3585
10/12/2018,23 - 00,2515,915,3430
11/12/2018,00 - 01,2142,909,3051
11/12/2018,01 - 02,2279,903,3182
11/12/2018,02 - 03,2237,868,3105
11/12/2018,03 - 04,2165,815,2980
11/12/2018,04 - 05,2043,763,2806
11/12/2018,05 - 06,1922,730,2652
11/12/2018,06 - 07,1771,701,2472
11/12/2018,07 - 08,1650,678,2328
11/12/2018,08 - 09,1585,623,2208
11/12/2018,09 - 10,1447,559,2006
11/12/2018,10 - 11,1372,523,1895
11/12/2018,11 - 12,1362,525,1887
11/12/2018,12 - 13,1437,526,1963
11/12/2018,13 - 14,1423,513,1936
11/12/2018,14 - 15,1285,459,1744
11/12/2018,15 - 16,1263,438,1701
11/12/2018,16 - 17,1279,475,1754
11/12/2018,17 - 18,1196,396,1592
11/12/2018,18 - 19,1034,387,1421
11/12/2018,19 - 20,978,329,1307
11/12/2018,20 - 21,851,298,1149
11/12/2018,21 - 22,723,279,1002
11/12/2018,22 - 23,549,239,788
11/12/2018,23 - 00,419,211,630
12/12/2018,00 - 01,345,207,552
12/12/2018,01 - 02,301,176,477
12/12/2018,02 - 03,252,165,417
12/12/2018,03 - 04,213,196,409
12/12/2018,04 - 05,253,207,460
12/12/2018,05 - 06,297,236,533
12/12/2018,06 - 07,332,266,598
12/12/2018,07 - 08,334,285,619
12/12/2018,08 - 09,366,250,616
12/12/2018,09 - 10,379,206,585
12/12/2018,10 - 11,289,171,460
12/12/2018,11 - 12,222,199,421
12/12/2018,12 - 13,170,176,346
12/12/2018,13 - 14,142,162,304
12/12/2018,14 - 15,146,198,344
12/12/2018,15 - 16,210,204,414
12/12/2018,16 - 17,284,224,508
12/12/2018,17 - 18,351,239,590
12/12/2018,18 - 19,378,324,702
12/12/2018,19 - 20,399,365,764
12/12/2018,20 - 21,465,292,757
12/12/2018,21 - 22,545,210,755
12/12/2018,22 - 23,548,195,743
12/12/2018,23 - 00,577,145,722
13/12/2018,00 - 01,579,134,713
13/12/2018,01 - 02,514,116,630
13/12/2018,02 - 03,492,136,628
13/12/2018,03 - 04,500,122,622
13/12/2018,04 - 05,561,119,680
13/12/2018,05 - 06,570,125,695
13/12/2018,06 - 07,527,140,667
13/12/2018,07 - 08,480,222,702
13/12/2018,08 - 09,513,259,772
13/12/2018,09 - 10,602,318,920
13/12/2018,10 - 11,657,304,961
13/12/2018,11 - 12,721,356,1077
13/12/2018,12 - 13,701,316,1017
13/12/2018,13 - 14,719,255,974
13/12/2018,14 - 15,812,332,1144
13/12/2018,15 - 16,941,312,1253
13/12/2018,16 - 17,945,400,1345
13/12/2018,17 - 18,1073,475,1548
13/12/2018,18 - 19,1161,432,1593
13/12/2018,19 - 20,1189,458,1647
13/12/2018,20 - 21,1218,519,1737
13/12/2018,21 - 22,1118,443,1561
13/12/2018,22 - 23,1103,390,1493
13/12/2018,23 - 00,1085,291,1376
14/12/2018,00 - 01,1108,228,1336
14/12/2018,01 - 02,1210,201,1411
14/12/2018,02 - 03,1271,192,1463
14/12/2018,03 - 04,1212,146,1358
14/12/2018,04 - 05,1101,159,1260
14/12/2018,05 - 06,1066,193,1259
14/12/2018,06 - 07,1004,205,1209
14/12/2018,07 - 08,1043,195,1238
14/12/2018,08 - 09,1056,197,1253
14/12/2018,09 - 10,1009,186,1195
14/12/2018,10 - 11,986,192,1178
14/12/2018,11 - 12,1011,179,1190
14/12/2018,12 - 13,1003,180,1183
14/12/2018,13 - 14,1015,183,1198
14/12/2018,14 - 15,935,301,1236
14/12/2018,15 - 16,915,297,1212
14/12/2018,16 - 17,878,260,1138
14/12/2018,17 - 18,853,264,1117
14/12/2018,18 - 19,839,226,1065
14/12/2018,19 - 20,859,182,1041
14/12/2018,20 - 21,822,200,1022
14/12/2018,21 - 22,875,167,1042
14/12/2018,22 - 23,810,153,963
14/12/2018,23 - 00,836,122,958
15/12/2018,00 - 01,881,109,990
15/12/2018,01 - 02,799,81,880
15/12/2018,02 - 03,714,103,817
15/12/2018,03 - 04,562,99,661
15/12/2018,04 - 05,485,62,547
15/12/2018,05 - 06,503,29,532
15/12/2018,06 - 07,516,25,541
15/12/2018,07 - 08,596,22,618
15/12/2018,08 - 09,648,36,684
15/12/2018,09 - 10,672,34,706
15/12/2018,10 - 11,726,53,779
15/12/2018,11 - 12,819,53,872
15/12/2018,12 - 13,951,61,1012
15/12/2018,13 - 14,1065,65,1130
15/12/2018,14 - 15,1102,57,1159
15/12/2018,15 - 16,1110,46,1156
15/12/2018,16 - 17,1223,42,1265
15/12/2018,17 - 18,1409,62,1471
15/12/2018,18 - 19,1810,72,1882
15/12/2018,19 - 20,1971,89,2060
15/12/2018,20 - 21,2148,106,2254
15/12/2018,21 - 22,2191,126,2317
15/12/2018,22 - 23,2119,272,2391
15/12/2018,23 - 00,2152,410,2562
16/12/2018,00 - 01,2327,474,2801
16/12/2018,01 - 02,2583,520,3103
16/12/2018,02 - 03,2623,540,3163
16/12/2018,03 - 04,2730,522,3252
16/12/2018,04 - 05,2694,546,3240
16/12/2018,05 - 06,2667,575,3242
16/12/2018,06 - 07,2644,643,3287
16/12/2018,07 - 08,2454,699,3153
16/12/2018,08 - 09,2257,676,2933
16/12/2018,09 - 10,2275,673,2948
16/12/2018,10 - 11,2290,684,2974
16/12/2018,11 - 12,2377,672,3049
16/12/2018,12 - 13,2114,581,2695
16/12/2018,13 - 14,1898,417,2315
16/12/2018,14 - 15,1535,321,1856
16/12/2018,15 - 16,1246,253,1499
16/12/2018,16 - 17,952,233,1185
16/12/2018,17 - 18,751,233,984
16/12/2018,18 - 19,583,210,793
16/12/2018,19 - 20,427,181,608
16/12/2018,20 - 21,329,157,486
16/12/2018,21 - 22,238,118,356
16/12/2018,22 - 23,177,85,262
16/12/2018,23 - 00,167,63,230
17/12/2018,00 - 01,148,35,183
17/12/2018,01 - 02,120,47,167
17/12/2018,02 - 03,103,54,157
17/12/2018,03 - 04,94,60,154
17/12/2018,04 - 05,82,63,145
17/12/2018,05 - 06,115,60,175
17/12/2018,06 - 07,149,68,217
17/12/2018,07 - 08,169,72,241
17/12/2018,08 - 09,173,76,249
17/12/2018,09 - 10,188,62,250
17/12/2018,10 - 11,219,51,270
17/12/2018,11 - 12,199,31,230
17/12/2018,12 - 13,186,22,208
17/12/2018,13 - 14,158,20,178
17/12/2018,14 - 15,137,22,159
17/12/2018,15 - 16,200,35,235
17/12/2018,16 - 17,280,47,327
17/12/2018,17 - 18,342,67,409
17/12/2018,18 - 19,445,74,519
17/12/2018,19 - 20,549,86,635
17/12/2018,20 - 21,544,120,664
17/12/2018,21 - 22,432,144,576
17/12/2018,22 - 23,465,141,606
17/12/2018,23 - 00,525,171,696
18/12/2018,00 - 01,470,160,630
18/12/2018,01 - 02,412,160,572
18/12/2018,02 - 03,426,144,570
18/12/2018,03 - 04,461,127,588
18/12/2018,04 - 05,405,106,511
18/12/2018,05 - 06,405,98,503
18/12/2018,06 - 07,461,98,559
18/12/2018,07 - 08,475,103,578
18/12/2018,08 - 09,462,112,574
18/12/2018,09 - 10,561,102,663
18/12/2018,10 - 11,697,115,812
18/12/2018,11 - 12,762,110,872
18/12/2018,12 - 13,813,106,919
18/12/2018,13 - 14,831,104,935
18/12/2018,14 - 15,816,103,919
18/12/2018,15 - 16,894,117,1011
18/12/2018,16 - 17,917,124,1041
18/12/2018,17 - 18,997,170,1167
18/12/2018,18 - 19,1078,269,1347
18/12/2018,19 - 20,1290,340,1630
18/12/2018,20 - 21,1492,361,1853
18/12/2018,21 - 22,1524,363,1887
18/12/2018,22 - 23,1736,416,2152
18/12/2018,23 - 00,1972,487,2459
19/12/2018,00 - 01,2170,488,2658
19/12/2018,01 - 02,2418,564,2982
19/12/2018,02 - 03,2582,691,3273
19/12/2018,03 - 04,2687,736,3423
19/12/2018,04 - 05,2804,789,3593
19/12/2018,05 - 06,2924,831,3755
19/12/2018,06 - 07,2921,843,3764
19/12/2018,07 - 08,2892,847,3739
19/12/2018,08 - 09,2782,835,3617
19/12/2018,09 - 10,2567,844,3411
19/12/2018,10 - 11,2356,829,3185
19/12/2018,11 - 12,2221,748,2969
19/12/2018,12 - 13,2084,590,2674
19/12/2018,13 - 14,1853,473,2326
19/12/2018,14 - 15,1686,364,2050
19/12/2018,15 - 16,1577,332,1909
19/12/2018,16 - 17,1468,334,1802
19/12/2018,17 - 18,1404,289,1693
19/12/2018,18 - 19,1329,295,1624
19/12/2018,19 - 20,1290,228,1518
19/12/2018,20 - 21,1187,154,1341
19/12/2018,21 - 22,1151,167,1318
19/12/2018,22 - 23,1134,111,1245
19/12/2018,23 - 00,1075,106,1181
20/12/2018,00 - 01,961,109,1070
20/12/2018,01 - 02,843,106,949
20/12/2018,02 - 03,824,110,934
20/12/2018,03 - 04,809,126,935
20/12/2018,04 - 05,889,149,1038
20/12/2018,05 - 06,903,147,1050
20/12/2018,06 - 07,935,112,1047
20/12/2018,07 - 08,1012,111,1123
20/12/2018,08 - 09,1010,127,1137
20/12/2018,09 - 10,1042,119,1161
20/12/2018,10 - 11,1182,126,1308
20/12/2018,11 - 12,1191,141,1332
20/12/2018,12 - 13,1185,116,1301
20/12/2018,13 - 14,1207,110,1317
20/12/2018,14 - 15,1247,123,1370
20/12/2018,15 - 16,1347,126,1473
20/12/2018,16 - 17,1423,133,1556
20/12/2018,17 - 18,1479,159,1638
20/12/2018,18 - 19,1445,162,1607
20/12/2018,19 - 20,1425,146,1571
20/12/2018,20 - 21,1453,151,1604
20/12/2018,21 - 22,1431,133,1564
20/12/2018,22 - 23,1401,133,1534
20/12/2018,23 - 00,1444,147,1591
21/12/2018,00 - 01,1427,177,1604
21/12/2018,01 - 02,1330,189,1519
21/12/2018,02 - 03,1302,225,1527
21/12/2018,03 - 04,1362,236,1598
21/12/2018,04 - 05,1444,268,1712
21/12/2018,05 - 06,1386,237,1623
21/12/2018,06 - 07,1449,306,1755
21/12/2018,07 - 08,1453,296,1749
21/12/2018,08 - 09,1497,270,1767
21/12/2018,09 - 10,1568,313,1881
21/12/2018,10 - 11,1580,345,1925
21/12/2018,11 - 12,1643,372,2015
21/12/2018,12 - 13,1686,440,2126
21/12/2018,13 - 14,1732,456,2188
21/12/2018,14 - 15,1810,529,2339
21/12/2018,15 - 16,1952,638,2590
21/12/2018,16 - 17,2007,688,2695
21/12/2018,17 - 18,2108,684,2792
21/12/2018,18 - 19,2118,688,2806
21/12/2018,19 - 20,2088,695,2783
21/12/2018,20 - 21,1984,705,2689
21/12/2018,21 - 22,1798,647,2445
21/12/2018,22 - 23,1677,473,2150
21/12/2018,23 - 00,1561,367,1928
22/12/2018,00 - 01,1357,339,1696
22/12/2018,01 - 02,1134,376,1510
22/12/2018,02 - 03,934,377,1311
22/12/2018,03 - 04,813,337,1150
22/12/2018,04 - 05,679,265,944
22/12/2018,05 - 06,689,198,887
22/12/2018,06 - 07,660,190,850
22/12/2018,07 - 08,599,146,745
22/12/2018,08 - 09,471,103,574
22/12/2018,09 - 10,352,59,411
22/12/2018,10 - 11,255,32,287
22/12/2018,11 - 12,175,21,196
22/12/2018,12 - 13,148,12,160
22/12/2018,13 - 14,136,10,146
22/12/2018,14 - 15,143,9,152
22/12/2018,15 - 16,138,6,144
22/12/2018,16 - 17,139,5,144
22/12/2018,17 - 18,138,5,143
22/12/2018,18 - 19,135,5,140
22/12/2018,19 - 20,133,6,139
22/12/2018,20 - 21,127,6,133
22/12/2018,21 - 22,128,4,132
22/12/2018,22 - 23,172,3,175
22/12/2018,23 - 00,223,6,229
23/12/2018,00 - 01,207,19,226
23/12/2018,01 - 02,288,37,325
23/12/2018,02 - 03,306,73,379
23/12/2018,03 - 04,217,122,339
23/12/2018,04 - 05,220,193,413
23/12/2018,05 - 06,283,265,548
23/12/2018,06 - 07,249,389,638
23/12/2018,07 - 08,284,534,818
23/12/2018,08 - 09,286,591,877
23/12/2018,09 - 10,248,516,764
23/12/2018,10 - 11,286,415,701
23/12/2018,11 - 12,267,262,529
23/12/2018,12 - 13,210,158,368
23/12/2018,13 - 14,213,78,291
23/12/2018,14 - 15,192,27,219
23/12/2018,15 - 16,187,27,214
23/12/2018,16 - 17,243,47,290
23/12/2018,17 - 18,233,75,308
23/12/2018,18 - 19,236,115,351
23/12/2018,19 - 20,272,142,414
23/12/2018,20 - 21,316,179,495
23/12/2018,21 - 22,258,222,480
23/12/2018,22 - 23,236,213,449
23/12/2018,23 - 00,171,222,393
24/12/2018,00 - 01,123,276,399
24/12/2018,01 - 02,85,258,343
24/12/2018,02 - 03,119,154,273
24/12/2018,03 - 04,223,123,346
24/12/2018,04 - 05,231,153,384
24/12/2018,05 - 06,230,146,376
24/12/2018,06 - 07,283,184,467
24/12/2018,07 - 08,522,172,694
24/12/2018,08 - 09,738,162,900
24/12/2018,09 - 10,1001,212,1213
24/12/2018,10 - 11,1069,218,1287
24/12/2018,11 - 12,1171,173,1344
24/12/2018,12 - 13,1307,162,1469
24/12/2018,13 - 14,1493,383,1876
24/12/2018,14 - 15,1512,479,1991
24/12/2018,15 - 16,1442,538,1980
24/12/2018,16 - 17,1368,522,1890
24/12/2018,17 - 18,1485,489,1974
24/12/2018,18 - 19,1547,408,1955
24/12/2018,19 - 20,1669,372,2041
24/12/2018,20 - 21,2038,321,2359
24/12/2018,21 - 22,2379,492,2871
24/12/2018,22 - 23,2471,628,3099
24/12/2018,23 - 00,2557,714,3271
25/12/2018,00 - 01,2723,735,3458
25/12/2018,01 - 02,2912,722,3634
25/12/2018,02 - 03,2547,749,3296
25/12/2018,03 - 04,2996,759,3755
25/12/2018,04 - 05,3121,720,3841
25/12/2018,05 - 06,2831,786,3617
25/12/2018,06 - 07,2525,843,3368
25/12/2018,07 - 08,2624,852,3476
25/12/2018,08 - 09,3077,820,3897
25/12/2018,09 - 10,3220,804,4024
25/12/2018,10 - 11,3153,807,3960
25/12/2018,11 - 12,3110,786,3896
25/12/2018,12 - 13,3112,739,3851
25/12/2018,13 - 14,3128,745,3873
25/12/2018,14 - 15,3063,749,3812
25/12/2018,15 - 16,2967,739,3706
25/12/2018,16 - 17,3020,814,3834
25/12/2018,17 - 18,3036,847,3883
25/12/2018,18 - 19,2987,852,3839
25/12/2018,19 - 20,2964,854,3818
25/12/2018,20 - 21,2942,868,3810
25/12/2018,21 - 22,2944,848,3792
25/12/2018,22 - 23,2737,858,3595
25/12/2018,23 - 00,2731,871,3602
26/12/2018,00 - 01,2298,830,3128
26/12/2018,01 - 02,1896,805,2701
26/12/2018,02 - 03,1975,606,2581
26/12/2018,03 - 04,1838,526,2364
26/12/2018,04 - 05,1891,468,2359
26/12/2018,05 - 06,2235,556,2791
26/12/2018,06 - 07,2099,506,2605
26/12/2018,07 - 08,2001,338,2339
26/12/2018,08 - 09,1809,303,2112
26/12/2018,09 - 10,1531,317,1848
26/12/2018,10 - 11,1260,313,1573
26/12/2018,11 - 12,1163,341,1504
26/12/2018,12 - 13,1239,345,1584
26/12/2018,13 - 14,1470,436,1906
26/12/2018,14 - 15,1487,476,1963
26/12/2018,15 - 16,1664,432,2096
26/12/2018,16 - 17,1784,375,2159
26/12/2018,17 - 18,1908,511,2419
26/12/2018,18 - 19,2015,512,2527
26/12/2018,19 - 20,2062,578,2640
26/12/2018,20 - 21,2028,621,2649
26/12/2018,21 - 22,2065,653,2718
26/12/2018,22 - 23,2012,697,2709
26/12/2018,23 - 00,1899,724,2623
27/12/2018,00 - 01,2137,748,2885
27/12/2018,01 - 02,1943,739,2682
27/12/2018,02 - 03,2018,761,2779
27/12/2018,03 - 04,2001,746,2747
27/12/2018,04 - 05,1919,703,2622
27/12/2018,05 - 06,1890,698,2588
27/12/2018,06 - 07,1739,712,2451
27/12/2018,07 - 08,1679,703,2382
27/12/2018,08 - 09,1748,683,2431
27/12/2018,09 - 10,1633,667,2300
27/12/2018,10 - 11,1554,656,2210
27/12/2018,11 - 12,1760,676,2436
27/12/2018,12 - 13,1863,684,2547
27/12/2018,13 - 14,2075,682,2757
27/12/2018,14 - 15,1984,760,2744
27/12/2018,15 - 16,1766,788,2554
27/12/2018,16 - 17,1665,768,2433
27/12/2018,17 - 18,1642,736,2378
27/12/2018,18 - 19,1621,695,2316
27/12/2018,19 - 20,1629,640,2269
27/12/2018,20 - 21,1734,696,2430
27/12/2018,21 - 22,2020,697,2717
27/12/2018,22 - 23,2239,693,2932
27/12/2018,23 - 00,2311,648,2959
28/12/2018,00 - 01,2237,616,2853
28/12/2018,01 - 02,2046,632,2678
28/12/2018,02 - 03,1897,581,2478
28/12/2018,03 - 04,1696,539,2235
28/12/2018,04 - 05,1520,537,2057
28/12/2018,05 - 06,1465,470,1935
28/12/2018,06 - 07,1293,332,1625
28/12/2018,07 - 08,1183,269,1452
28/12/2018,08 - 09,1109,331,1440
28/12/2018,09 - 10,1108,319,1427
28/12/2018,10 - 11,1158,340,1498
28/12/2018,11 - 12,1082,338,1420
28/12/2018,12 - 13,986,288,1274
28/12/2018,13 - 14,996,334,1330
28/12/2018,14 - 15,957,348,1305
28/12/2018,15 - 16,999,256,1255
28/12/2018,16 - 17,983,234,1217
28/12/2018,17 - 18,975,243,1218
28/12/2018,18 - 19,1058,283,1341
28/12/2018,19 - 20,1071,316,1387
28/12/2018,20 - 21,1083,385,1468
28/12/2018,21 - 22,1204,410,1614
28/12/2018,22 - 23,1417,478,1895
28/12/2018,23 - 00,1401,461,1862
29/12/2018,00 - 01,1460,508,1968
29/12/2018,01 - 02,1329,532,1861
29/12/2018,02 - 03,1353,531,1884
29/12/2018,03 - 04,1501,523,2024
29/12/2018,04 - 05,1482,541,2023
29/12/2018,05 - 06,1411,494,1905
29/12/2018,06 - 07,1271,456,1727
29/12/2018,07 - 08,1498,407,1905
29/12/2018,08 - 09,1318,434,1752
29/12/2018,09 - 10,1207,489,1696
29/12/2018,10 - 11,1257,576,1833
29/12/2018,11 - 12,1340,466,1806
29/12/2018,12 - 13,1520,475,1995
29/12/2018,13 - 14,1588,436,2024
29/12/2018,14 - 15,1703,455,2158
29/12/2018,15 - 16,1701,475,2176
29/12/2018,16 - 17,1728,571,2299
29/12/2018,17 - 18,1518,734,2252
29/12/2018,18 - 19,1283,784,2067
29/12/2018,19 - 20,1048,732,1780
29/12/2018,20 - 21,1260,577,1837
29/12/2018,21 - 22,1975,420,2395
29/12/2018,22 - 23,2430,360,2790
29/12/2018,23 - 00,2641,416,3057
30/12/2018,00 - 01,2687,567,3254
30/12/2018,01 - 02,2471,744,3215
30/12/2018,02 - 03,2296,880,3176
30/12/2018,03 - 04,2378,951,3329
30/12/2018,04 - 05,2346,935,3281
30/12/2018,05 - 06,2038,760,2798
30/12/2018,06 - 07,2099,809,2908
30/12/2018,07 - 08,2510,735,3245
30/12/2018,08 - 09,2343,746,3089
30/12/2018,09 - 10,2151,608,2759
30/12/2018,10 - 11,2061,599,2660
30/12/2018,11 - 12,2107,644,2751
30/12/2018,12 - 13,2020,646,2666
30/12/2018,13 - 14,1712,620,2332
30/12/2018,14 - 15,1322,508,1830
30/12/2018,15 - 16,1035,416,1451
30/12/2018,16 - 17,750,316,1066
30/12/2018,17 - 18,493,293,786
30/12/2018,18 - 19,347,255,602
30/12/2018,19 - 20,213,201,414
30/12/2018,20 - 21,120,192,312
30/12/2018,21 - 22,65,167,232
30/12/2018,22 - 23,110,138,248
30/12/2018,23 - 00,238,109,347
31/12/2018,00 - 01,339,86,425
31/12/2018,01 - 02,385,69,454
31/12/2018,02 - 03,466,52,518
31/12/2018,03 - 04,562,61,623
31/12/2018,04 - 05,686,56,742
31/12/2018,05 - 06,844,21,865
31/12/2018,06 - 07,948,7,955
31/12/2018,07 - 08,962,22,984
31/12/2018,08 - 09,978,64,1042
31/12/2018,09 - 10,1091,112,1203
31/12/2018,10 - 11,1054,186,1240
31/12/2018,11 - 12,1163,240,1403
31/12/2018,12 - 13,1597,269,1866
31/12/2018,13 - 14,2123,293,2416
31/12/2018,14 - 15,2491,317,2808
31/12/2018,15 - 16,2828,339,3167
31/12/2018,16 - 17,3013,554,3567
31/12/2018,17 - 18,3120,693,3813
31/12/2018,18 - 19,3265,756,4021
31/12/2018,19 - 20,3335,800,4135
31/12/2018,20 - 21,3147,865,4012
31/12/2018,21 - 22,2859,902,3761
31/12/2018,22 - 23,2708,792,3500
31/12/2018,23 - 00,2719,785,3504
